7.973954
0.564112
0.599469
1.140567
0.736513
0.736513
1.013771
0.898329
1.013771
1.013771
0.691588
0.875222
0.767553
0.807352
0.619705
0.873080
1.021082
0.427505
0.497173
1.094676
0.955290
0.839984
0.945421
0.863502
0.813552
0.656515
0.785956
0.960287
26.986301
2.519468
9.990912
5.958586
0.858880
1.123421
1.151449
0.930151
1.111361
0.744392
0.925104
0.651656
1.088426
0.984730
1.121314
0.749350
1.133227
0.975373
1.129173
1.145325
1.015414
1.104040
0.671364
0.682202
1.150037
1.089438
0.770195
1.020732
1.047199
1.036088
0.856902
1.073317
0.892308
0.885930
1.137016
0.644496
0.962486
0.868179
0.904462
1.050996
1.024137
1.085702
0.751601
0.748799
0.895563
0.999395
1.094641
0.935989
1.044255
0.540741
0.554138
0.698854
0.977941
1.130609
1.136848
5.205939
29.926319
13.398296
1.093001
1.025017
1.982242
0.899845
1.037145
0.941592
0.652277
1.045606
0.854054
0.696353
0.988413
0.692837
0.638726
1.104034
1.005531
0.740718
6.418411
0.793957
4.391764
2.450991
0.567017
0.673835
0.865263
1.119185
0.703521
0.667050
0.811494
0.713758
0.864024
0.940479
2.266499
0.632300
1.107976
0.938557
0.814591
1.059482
1.102043
1.096843
0.956403
1.017418
1.078146
1.124481
1.155261
1.138319
1.156188
0.772678
1.090119
0.555197
0.872938
1.042092
0.905900
1.082327
1.144389
1.122261
1.042038
0.830559
8.655798
1.944422
0.839769
0.985053
1.149853
1.137095
1.050354
1.116208
1.870043
0.880033
1.062543
1.031242
0.824698
0.983672
1.059510
1.125483
19.605404
0.696182
1.049281
1.813811
0.713873
0.866304
0.774020
0.882299
0.583862
0.955958
0.593082
1.128943
1.029328
1.017576
0.636703
1.140291
0.967943
0.961948
0.990058
0.838614
1.100206
0.880058
9.234310
0.617420
0.996667
0.643372
1.097151
2.407018
0.759710
0.866288
0.716730
1.049331
0.656865
1.076944
0.862037
0.891313
0.902582
0.949281
10.642283
1.178500
0.813203
0.974688
0.829801
0.865895
0.926977
0.820780
1.038639
0.779042
1.118968
1.146285
0.801091
0.853883
1.061768
0.822142
0.998210
1.039308
1.039308
0.785582
1.120193
0.910997
0.990680
1.040112
1.112338
1.080914
0.962336
1.007905
0.865961
0.603700
1.111253
0.608026
0.971040
1.050456
1.093327
0.836727
1.104760
0.878142
0.598294
0.893802
0.959742
1.122692
1.074249
1.115580
0.516231
1.843323
0.702765
0.737787
1.035404
0.968542
1.061079
0.851731
1.136998
1.138843
0.532227
0.924082
0.891911
0.857298
0.929439
552.063369
469.445459
0.757585
4.234307
0.648747
10.583463
3.307546
0.853406
0.356351
0.781085
1.017871
1.116679
0.604711
1.093715
159.357400
24.614843
0.847219
38.158157
32.461517
1.793114
1.646321
0.998915
1.135637
12.177409
12.450908
0.668269
0.643516
0.614768
0.834544
1.454189
0.693424
0.769438
1.034075
6.323257
0.839825
0.916308
0.829894
3.965946
0.594067
0.831025
0.754892
2.092638
1.246191
2316.183547
883.443505
9.753170
4.518573
3.693903
0.883197
0.604212
0.643052
0.978127
1.002666
291.849307
15.651903
1.072947
0.919133
0.997002
1.138031
13.086791
0.724260
0.773750
1.051614
0.902246
0.583893
0.697268
0.924281
0.435860
0.470215
0.470215
1.108515
1.108515
0.941247
0.941247
5.213112
0.713534
0.713534
0.816998
0.816998
2.380296
2.380296
0.972000
0.972000
0.825319
0.899392
0.831168
0.976600
9.158624
0.607066
0.680261
0.680261
0.789582
0.789582
7.405783
0.930658
0.930658
1.113809
1.113809
1.051139
1.051139
128.285123
5.368097
4.493295
1.098877
0.979122
1.012543
0.563169
1.035571
1.351315
0.999085
0.626133
0.920397
0.951727
0.773964
0.844825
0.623685
0.690946
0.939184
0.667984
17.390645
2.937761
0.865219
1.282591
0.667314
0.831170
0.995425
436.078625
116.377178
35.550876
1.102132
6.281556
3.013200
0.948027
0.748757
0.889109
1.030149
0.936212
3.057673
2.903804
1.184399
0.991835
1.060169
1.110252
0.968115
0.746057
1.082701
98.424443
0.547682
1.103130
0.565285
89.227144
65.431480
0.742006
0.810737
0.979606
1.048102
1.087433
0.527958
0.884252
0.621187
22.159467
2.069499
0.822051
0.691209
211.375893
0.756608
0.335864
0.615820
0.635961
1.034989
1.117259
0.701312
11.866602
11.050347
4.923933
1.782124
0.948368
61.534553
0.785567
0.649376
0.596848
0.642255
0.698866
1.077617
1.089841
323.214271
241.144447
241.144447
5.230935
3.955506
2.907792
0.666997
1.106884
664.779499
592.898111
238.242036
88.210415
1747.164544
1097.455055
0.496668
745.427243
645.738016
5.146406
4.134846
19.564028
17.463007
15.712466
15.563389
0.617079
1.050462
0.691476
0.295061
0.306800
0.818720
0.495953
1.137907
0.964456
0.603848
0.537943
0.683103
1.276244
1.604981
0.939683
0.993783
1.052192
0.906172
0.992260
135.811907
0.951197
1.041195
0.855774
16.494321
1.603624
0.625142
1.104772
0.837320
0.809569
0.901164
0.861766
0.810726
0.925846
1.026386
0.845897
1.062565
0.688442
0.778267
1.018343
1.111032
0.757059
12.556583
0.777269
1.059697
0.836676
0.978096
0.846657
0.846657
10.636021
0.961617
10.286136
2.277127
1.153635
1.137545
1.150924
1.147190
1.090034
1.154021
1.096427
2.165725
0.954554
0.956893
0.808661
0.986093
0.596042
0.960423
0.894059
0.753331
0.871643
0.881799
1.146000
1.158106
1.034258
1.007731
1.071089
1.078169
1.158534
1.155176
1.091323
1.113941
1.117875
1.156650
1.137420
1.138856
32.418046
6.371337
3.929147
1.022786
0.994759
1.158720
1.115807
0.774412
0.584273
0.704192
0.950768
0.951172
1.122658
1.074892
0.751597
0.927091
0.970468
1.011610
1.079666
1.086314
0.760949
0.842684
0.884490
1.118345
5.482230
1.065512
2.274571
1.324621
