0.119930	0.138019	0.006171	0.003117	0.054357	0.121547	0.018050	0.350542	0.001382	0.002084	0.011481	0.122748	0.000935	0.013925	0.024998	0.001676	0.009038	0.000000	0.000000
0.864184	0.038456	0.010547	0.000000	0.000018	0.044386	0.000727	0.000899	0.018786	0.001708	0.013391	0.003516	0.000095	0.003088	0.000167	0.000025	0.000006	0.000000	0.000000
0.875849	0.044774	0.009350	0.000007	0.000006	0.037175	0.000434	0.001088	0.015210	0.000904	0.010309	0.001997	0.000071	0.002704	0.000087	0.000020	0.000016	0.000000	0.000000
0.909641	0.079456	0.001943	0.000710	0.000025	0.005595	0.000019	0.000872	0.000128	0.000492	0.000215	0.000319	0.000090	0.000425	0.000021	0.000047	0.000002	0.000000	0.000000
0.553679	0.032606	0.073306	0.024429	0.026601	0.031449	0.099050	0.003497	0.143633	0.001350	0.001820	0.000033	0.000112	0.003533	0.003393	0.000088	0.001420	0.000000	0.000000
0.553679	0.032606	0.073306	0.024429	0.026601	0.031449	0.099050	0.003497	0.143633	0.001350	0.001820	0.000033	0.000112	0.003533	0.003393	0.000088	0.001420	0.000000	0.000000
0.907917	0.078891	0.000051	0.000037	0.000200	0.007096	0.001476	0.000566	0.001222	0.000718	0.000099	0.000368	0.000213	0.000819	0.000287	0.000013	0.000026	0.000000	0.000000
0.920371	0.058885	0.001040	0.000196	0.000000	0.013876	0.000155	0.000719	0.004015	0.000196	0.000173	0.000015	0.000120	0.000070	0.000105	0.000054	0.000011	0.000000	0.000000
0.907917	0.078891	0.000051	0.000037	0.000200	0.007096	0.001476	0.000566	0.001222	0.000718	0.000099	0.000368	0.000213	0.000819	0.000287	0.000013	0.000026	0.000000	0.000000
0.907917	0.078891	0.000051	0.000037	0.000200	0.007096	0.001476	0.000566	0.001222	0.000718	0.000099	0.000368	0.000213	0.000819	0.000287	0.000013	0.000026	0.000000	0.000000
0.893618	0.042642	0.002220	0.000929	0.000376	0.030959	0.001014	0.001308	0.015590	0.002742	0.002470	0.004630	0.000895	0.000104	0.000160	0.000194	0.000149	0.000000	0.000000
0.911772	0.067137	0.001460	0.000447	0.000005	0.013956	0.000066	0.001194	0.003519	0.000060	0.000071	0.000064	0.000117	0.000016	0.000052	0.000022	0.000042	0.000000	0.000000
0.222464	0.015485	0.002993	0.003309	0.000550	0.255785	0.003045	0.015304	0.272106	0.047687	0.041803	0.013505	0.008026	0.032181	0.018264	0.016718	0.030775	0.000000	0.000000
0.870134	0.052961	0.002359	0.001196	0.001736	0.031489	0.000185	0.001406	0.009192	0.017448	0.006977	0.003739	0.000404	0.000655	0.000084	0.000034	0.000000	0.000000	0.000000
0.509225	0.001599	0.002881	0.006615	0.000018	0.123627	0.001079	0.024481	0.129147	0.000626	0.066030	0.018332	0.016327	0.030849	0.014816	0.022176	0.032173	0.000000	0.000000
0.918266	0.056006	0.001990	0.000534	0.000049	0.016954	0.000222	0.000197	0.004907	0.000010	0.000210	0.000118	0.000350	0.000120	0.000011	0.000030	0.000025	0.000000	0.000000
0.916381	0.067532	0.002352	0.000761	0.000109	0.010017	0.000074	0.000466	0.001352	0.000000	0.000002	0.000058	0.000429	0.000345	0.000100	0.000003	0.000018	0.000000	0.000000
0.450606	0.003297	0.085164	0.033614	0.044971	0.118472	0.149108	0.003703	0.046007	0.006385	0.023770	0.020779	0.006751	0.002417	0.002665	0.000125	0.002166	0.000000	0.000000
0.564116	0.015299	0.078206	0.031099	0.027616	0.076260	0.112138	0.002916	0.069442	0.000167	0.008471	0.006587	0.002055	0.001204	0.002423	0.000013	0.001988	0.000000	0.000000
0.912781	0.077158	0.000425	0.000252	0.000045	0.006113	0.000707	0.000427	0.000409	0.000583	0.000314	0.000351	0.000030	0.000295	0.000000	0.000100	0.000007	0.000000	0.000000
0.912336	0.068040	0.002573	0.001533	0.000353	0.010079	0.000519	0.000658	0.002275	0.000165	0.000093	0.000027	0.000663	0.000671	0.000008	0.000002	0.000006	0.000000	0.000000
0.836375	0.040711	0.008116	0.003204	0.000556	0.035165	0.001025	0.001277	0.024602	0.011665	0.013818	0.011971	0.002903	0.000504	0.005355	0.002328	0.000424	0.000000	0.000000
0.897908	0.070071	0.003742	0.000043	0.000000	0.017538	0.000235	0.003027	0.003459	0.000014	0.001285	0.000500	0.000993	0.000377	0.000547	0.000249	0.000011	0.000000	0.000000
0.919124	0.061135	0.000818	0.000124	0.000010	0.014133	0.000436	0.000954	0.002739	0.000034	0.000001	0.000076	0.000317	0.000052	0.000017	0.000011	0.000020	0.000000	0.000000
0.892511	0.062438	0.002835	0.000157	0.000001	0.023971	0.000094	0.000354	0.007547	0.001025	0.001655	0.002923	0.001333	0.000109	0.002024	0.000237	0.000787	0.000000	0.000000
0.875160	0.052418	0.001056	0.000000	0.000520	0.033320	0.000276	0.001584	0.023949	0.000025	0.002615	0.000803	0.003022	0.001046	0.003270	0.000805	0.000132	0.000000	0.000000
0.908998	0.065154	0.000807	0.000425	0.000357	0.013825	0.000285	0.001928	0.006457	0.000297	0.000003	0.000065	0.000652	0.000366	0.000329	0.000036	0.000016	0.000000	0.000000
0.901358	0.069985	0.002232	0.000092	0.000012	0.016123	0.000008	0.000574	0.004961	0.000021	0.000513	0.000148	0.001250	0.000983	0.001448	0.000131	0.000160	0.000000	0.000000
0.000004	0.000061	0.005461	0.008391	0.043279	0.082613	0.008753	0.071524	0.206852	0.092282	0.176285	0.215047	0.026764	0.000214	0.030140	0.030458	0.001871	0.000000	0.000000
0.725343	0.117010	0.008487	0.000003	0.002159	0.021198	0.000002	0.033733	0.008061	0.006685	0.016976	0.035291	0.003317	0.003836	0.009658	0.007739	0.000504	0.000000	0.000000
0.662123	0.118370	0.000931	0.007913	0.032292	0.005448	0.034916	0.058814	0.033128	0.000069	0.020161	0.007215	0.007291	0.006325	0.001003	0.000759	0.003242	0.000000	0.000000
0.766445	0.151770	0.000050	0.000715	0.003767	0.016927	0.001100	0.027786	0.012875	0.001147	0.005341	0.004324	0.003656	0.000228	0.002771	0.000068	0.001029	0.000000	0.000000
0.915519	0.057756	0.000422	0.000100	0.005607	0.000398	0.011709	0.004180	0.001914	0.000012	0.000263	0.000413	0.000428	0.000583	0.000432	0.000018	0.000245	0.000000	0.000000
0.909068	0.080535	0.001558	0.000646	0.000012	0.005134	0.000018	0.000951	0.000092	0.000626	0.000460	0.000342	0.000127	0.000370	0.000002	0.000060	0.000002	0.000000	0.000000
0.909894	0.079666	0.001683	0.000736	0.000021	0.005099	0.000019	0.000812	0.000085	0.000609	0.000432	0.000411	0.000099	0.000360	0.000014	0.000057	0.000003	0.000000	0.000000
0.914282	0.053339	0.002420	0.000608	0.000369	0.018144	0.000209	0.000717	0.006281	0.000109	0.000256	0.000329	0.001401	0.000659	0.000684	0.000000	0.000192	0.000000	0.000000
0.914493	0.070526	0.002829	0.000880	0.000077	0.008842	0.000051	0.000727	0.000888	0.000033	0.000013	0.000085	0.000198	0.000176	0.000169	0.000001	0.000014	0.000000	0.000000
0.862841	0.033036	0.009254	0.002326	0.001369	0.030330	0.001661	0.001870	0.024397	0.011484	0.006329	0.010430	0.001136	0.001018	0.001202	0.001313	0.000003	0.000000	0.000000
0.902058	0.057054	0.004805	0.001718	0.000763	0.014398	0.000583	0.002030	0.007378	0.002403	0.000636	0.003012	0.000763	0.000806	0.001018	0.000566	0.000008	0.000000	0.000000
0.916972	0.054896	0.000050	0.000092	0.002553	0.016091	0.002536	0.000027	0.003472	0.000043	0.000733	0.001932	0.000079	0.000015	0.000172	0.000335	0.000003	0.000000	0.000000
0.912984	0.075889	0.001639	0.000755	0.000026	0.006475	0.000039	0.000524	0.000334	0.000413	0.000112	0.000472	0.000101	0.000194	0.000012	0.000026	0.000004	0.000000	0.000000
0.908516	0.078830	0.002125	0.001283	0.000276	0.005717	0.000156	0.001162	0.000707	0.000228	0.000234	0.000415	0.000045	0.000302	0.000000	0.000002	0.000000	0.000000	0.000000
0.912428	0.077308	0.001517	0.000907	0.000000	0.005403	0.000085	0.000549	0.000097	0.000453	0.000311	0.000532	0.000084	0.000280	0.000001	0.000044	0.000001	0.000000	0.000000
0.920219	0.064449	0.000093	0.000000	0.000326	0.011031	0.000918	0.000164	0.000579	0.000588	0.000028	0.001310	0.000156	0.000057	0.000033	0.000037	0.000012	0.000000	0.000000
0.910035	0.079615	0.001630	0.000730	0.000020	0.005246	0.000023	0.000707	0.000085	0.000605	0.000372	0.000454	0.000096	0.000314	0.000008	0.000059	0.000001	0.000000	0.000000
0.910462	0.079502	0.000659	0.000099	0.000062	0.006004	0.000267	0.001178	0.000014	0.000929	0.000234	0.000413	0.000049	0.000101	0.000001	0.000005	0.000020	0.000000	0.000000
0.911335	0.078283	0.001820	0.000627	0.000016	0.005251	0.000006	0.000899	0.000127	0.000497	0.000382	0.000259	0.000080	0.000348	0.000008	0.000060	0.000001	0.000000	0.000000
0.909960	0.079802	0.001662	0.000718	0.000023	0.005020	0.000022	0.000838	0.000075	0.000592	0.000394	0.000389	0.000092	0.000344	0.000012	0.000055	0.000003	0.000000	0.000000
0.912861	0.074511	0.001290	0.000512	0.000040	0.007168	0.000025	0.000315	0.000608	0.000559	0.000115	0.001122	0.000307	0.000537	0.000000	0.000021	0.000007	0.000000	0.000000
0.911597	0.078441	0.001204	0.000611	0.000000	0.005460	0.000138	0.000618	0.000007	0.000624	0.000334	0.000562	0.000057	0.000294	0.000003	0.000049	0.000001	0.000000	0.000000
0.858977	0.096027	0.002626	0.005739	0.007176	0.008896	0.002153	0.011863	0.002751	0.002500	0.000010	0.000127	0.000708	0.000106	0.000131	0.000185	0.000025	0.000000	0.000000
0.879766	0.086542	0.002412	0.002853	0.004558	0.008560	0.002838	0.006406	0.002750	0.002131	0.000021	0.000051	0.000587	0.000103	0.000418	0.000000	0.000005	0.000000	0.000000
0.909553	0.080161	0.001651	0.000712	0.000019	0.005069	0.000021	0.000843	0.000060	0.000586	0.000386	0.000411	0.000098	0.000362	0.000014	0.000052	0.000003	0.000000	0.000000
0.909977	0.080053	0.001458	0.000556	0.000002	0.004999	0.000001	0.000871	0.000116	0.000671	0.000342	0.000516	0.000101	0.000290	0.000005	0.000039	0.000002	0.000000	0.000000
0.904885	0.077834	0.000299	0.000560	0.001529	0.006983	0.001986	0.002400	0.001450	0.001150	0.000398	0.000078	0.000217	0.000001	0.000118	0.000110	0.000002	0.000000	0.000000
0.900313	0.088337	0.001394	0.000311	0.000019	0.005203	0.000001	0.002837	0.000137	0.000808	0.000167	0.000247	0.000021	0.000170	0.000008	0.000012	0.000015	0.000000	0.000000
0.909875	0.080129	0.000751	0.000399	0.000013	0.005899	0.000217	0.000819	0.000041	0.000747	0.000283	0.000385	0.000055	0.000352	0.000016	0.000020	0.000000	0.000000	0.000000
0.899270	0.088079	0.002026	0.000165	0.000041	0.005030	0.000018	0.002647	0.000125	0.000682	0.000217	0.000017	0.000081	0.001425	0.000148	0.000012	0.000015	0.000000	0.000000
0.903156	0.074654	0.000302	0.000001	0.000054	0.011325	0.000350	0.001999	0.001044	0.000483	0.000174	0.000372	0.002720	0.002347	0.000848	0.000134	0.000036	0.000000	0.000000
0.912246	0.076749	0.001864	0.000721	0.000024	0.006211	0.000026	0.000780	0.000242	0.000319	0.000192	0.000158	0.000105	0.000268	0.000029	0.000054	0.000012	0.000000	0.000000
0.901445	0.078138	0.000267	0.000000	0.000050	0.009518	0.000300	0.002043	0.000598	0.000811	0.000035	0.000726	0.002608	0.002595	0.000728	0.000121	0.000016	0.000000	0.000000
0.911493	0.028398	0.007054	0.002374	0.005406	0.028075	0.003225	0.000202	0.001842	0.000254	0.003029	0.000510	0.000224	0.006990	0.000616	0.000021	0.000286	0.000000	0.000000
0.911414	0.078409	0.001623	0.000695	0.000016	0.005347	0.000023	0.000740	0.000045	0.000520	0.000295	0.000353	0.000098	0.000353	0.000022	0.000045	0.000004	0.000000	0.000000
0.932336	0.044272	0.001272	0.000540	0.003582	0.012653	0.001234	0.000043	0.000345	0.000159	0.000417	0.000714	0.000088	0.001850	0.000432	0.000013	0.000049	0.000000	0.000000
0.917925	0.069076	0.001544	0.000946	0.000029	0.008115	0.000042	0.000072	0.001147	0.000327	0.000371	0.000187	0.000030	0.000013	0.000008	0.000167	0.000002	0.000000	0.000000
0.932829	0.060961	0.000163	0.000004	0.000896	0.004305	0.000008	0.000229	0.000084	0.000129	0.000026	0.000330	0.000002	0.000003	0.000013	0.000012	0.000006	0.000000	0.000000
0.906123	0.081445	0.000635	0.000285	0.000011	0.007121	0.000068	0.001695	0.000606	0.001020	0.000021	0.000788	0.000111	0.000001	0.000005	0.000024	0.000040	0.000000	0.000000
0.912727	0.077433	0.000553	0.000308	0.000056	0.005962	0.000547	0.000626	0.000127	0.000599	0.000272	0.000428	0.000027	0.000300	0.000015	0.000022	0.000002	0.000000	0.000000
0.369465	0.030723	0.015852	0.000247	0.002056	0.168476	0.003959	0.017352	0.156871	0.077633	0.046112	0.099595	0.000041	0.008983	0.000150	0.002474	0.000011	0.000000	0.000000
0.908845	0.079573	0.002076	0.000614	0.000053	0.005794	0.000036	0.001552	0.000274	0.000334	0.000204	0.000006	0.000108	0.000454	0.000062	0.000014	0.000001	0.000000	0.000000
0.758588	0.000000	0.013678	0.002499	0.002933	0.074809	0.001172	0.016790	0.053346	0.030674	0.008795	0.031380	0.000384	0.003968	0.000947	0.000014	0.000024	0.000000	0.000000
0.894264	0.040550	0.004052	0.000183	0.000063	0.031807	0.000470	0.000373	0.014642	0.003072	0.004406	0.005042	0.000289	0.000248	0.000059	0.000464	0.000017	0.000000	0.000000
0.902121	0.051423	0.004985	0.000377	0.000113	0.021941	0.000203	0.001173	0.007352	0.002417	0.002356	0.004857	0.000116	0.000132	0.000124	0.000305	0.000003	0.000000	0.000000
0.912880	0.074916	0.001259	0.000563	0.000002	0.007340	0.000077	0.000558	0.000725	0.000572	0.000143	0.000492	0.000168	0.000266	0.000001	0.000034	0.000006	0.000000	0.000000
0.913939	0.074597	0.001710	0.000729	0.000035	0.006547	0.000034	0.000407	0.000368	0.000444	0.000228	0.000382	0.000148	0.000371	0.000010	0.000046	0.000007	0.000000	0.000000
0.914903	0.065590	0.001876	0.000460	0.000016	0.012406	0.000071	0.000329	0.003071	0.000113	0.000054	0.000056	0.000233	0.000553	0.000200	0.000025	0.000044	0.000000	0.000000
0.908055	0.080597	0.001346	0.000610	0.000006	0.006217	0.000090	0.001133	0.000223	0.000490	0.000125	0.000313	0.000249	0.000493	0.000041	0.000003	0.000011	0.000000	0.000000
0.888430	0.030627	0.012620	0.002032	0.012751	0.015987	0.023824	0.003092	0.006087	0.000384	0.000057	0.002588	0.000301	0.000044	0.001142	0.000020	0.000014	0.000000	0.000000
0.889395	0.032575	0.011850	0.001774	0.012331	0.015738	0.023347	0.002748	0.006001	0.000374	0.000122	0.002679	0.000178	0.000009	0.000823	0.000048	0.000010	0.000000	0.000000
0.928141	0.054469	0.000049	0.000107	0.003246	0.008306	0.001813	0.000029	0.001581	0.000237	0.000174	0.001099	0.000094	0.000004	0.000632	0.000018	0.000000	0.000000	0.000000
0.903115	0.066634	0.001121	0.000294	0.001193	0.008631	0.007996	0.000000	0.009596	0.000599	0.000010	0.000405	0.000150	0.000188	0.000037	0.000030	0.000001	0.000000	0.000000
0.911344	0.078681	0.001418	0.000727	0.000000	0.005201	0.000091	0.000683	0.000028	0.000533	0.000406	0.000422	0.000078	0.000325	0.000001	0.000060	0.000002	0.000000	0.000000
0.912085	0.077899	0.001570	0.000651	0.000015	0.005111	0.000023	0.000692	0.000068	0.000586	0.000537	0.000361	0.000043	0.000266	0.000000	0.000093	0.000001	0.000000	0.000000
0.054953	0.022007	0.049407	0.000002	0.000081	0.189975	0.001254	0.009095	0.195794	0.085873	0.031460	0.210906	0.004235	0.028191	0.015047	0.005568	0.096153	0.000000	0.000000
0.235626	0.231801	0.021119	0.055552	0.003205	0.007416	0.096342	0.005555	0.091215	0.070867	0.115418	0.053308	0.002510	0.006436	0.000005	0.002662	0.000965	0.000000	0.000000
0.047254	0.345920	0.040769	0.049855	0.000088	0.000476	0.162664	0.049017	0.053078	0.105001	0.055000	0.081878	0.000066	0.001722	0.006386	0.000826	0.000001	0.000000	0.000000
0.855311	0.035360	0.011749	0.000372	0.002167	0.024022	0.000000	0.000139	0.014698	0.012447	0.010569	0.025171	0.000321	0.000178	0.003688	0.003807	0.000000	0.000000	0.000000
0.906295	0.080511	0.002159	0.000965	0.000000	0.006469	0.000017	0.001137	0.000342	0.000712	0.000276	0.000172	0.000034	0.000743	0.000028	0.000099	0.000042	0.000000	0.000000
0.013808	0.180544	0.012334	0.105077	0.005651	0.099515	0.428013	0.038259	0.000472	0.055493	0.010606	0.011815	0.004786	0.000795	0.032244	0.000532	0.000055	0.000000	0.000000
0.918148	0.036943	0.006393	0.001223	0.000565	0.022696	0.000135	0.001217	0.007818	0.001592	0.001889	0.001058	0.000003	0.000249	0.000062	0.000005	0.000005	0.000000	0.000000
0.368287	0.044198	0.067450	0.000011	0.001547	0.189445	0.001349	0.007549	0.146055	0.037051	0.037850	0.070568	0.013190	0.003501	0.000167	0.010977	0.000806	0.000000	0.000000
0.913778	0.059387	0.005919	0.000411	0.000086	0.013021	0.000112	0.000459	0.002190	0.000541	0.000008	0.000112	0.000761	0.002396	0.000061	0.000740	0.000018	0.000000	0.000000
0.765125	0.005355	0.018483	0.001070	0.002692	0.085187	0.000537	0.011176	0.052185	0.018335	0.015661	0.019334	0.000097	0.001000	0.003485	0.000066	0.000211	0.000000	0.000000
0.914437	0.070013	0.003050	0.000763	0.000117	0.008985	0.000059	0.000747	0.001003	0.000023	0.000000	0.000325	0.000120	0.000224	0.000114	0.000000	0.000018	0.000000	0.000000
0.886353	0.086694	0.002293	0.000001	0.000028	0.011616	0.000014	0.002459	0.002660	0.002254	0.000691	0.000001	0.000182	0.001861	0.000329	0.000561	0.002004	0.000000	0.000000
0.059537	0.141617	0.002441	0.009759	0.030584	0.047603	0.001810	0.107365	0.097468	0.002641	0.250982	0.051487	0.056278	0.022909	0.046260	0.064467	0.006793	0.000000	0.000000
0.906222	0.075454	0.001911	0.000155	0.000001	0.010474	0.000094	0.002127	0.001835	0.000293	0.000049	0.000167	0.000258	0.000779	0.000165	0.000015	0.000000	0.000000	0.000000
0.096199	0.163259	0.002355	0.006465	0.029078	0.035569	0.001343	0.096421	0.075837	0.003674	0.235524	0.069529	0.053392	0.020452	0.042152	0.062148	0.006603	0.000000	0.000000
0.796315	0.064450	0.010499	0.001478	0.000011	0.030980	0.000039	0.021807	0.015559	0.006764	0.010281	0.031271	0.000907	0.004434	0.003143	0.002050	0.000011	0.000000	0.000000
0.915991	0.074254	0.002147	0.000302	0.000002	0.004432	0.000140	0.000708	0.000127	0.000507	0.000226	0.000409	0.000072	0.000599	0.000020	0.000063	0.000001	0.000000	0.000000
0.902145	0.085556	0.001872	0.000684	0.000000	0.006786	0.000016	0.001634	0.000392	0.000161	0.000099	0.000122	0.000135	0.000300	0.000087	0.000010	0.000000	0.000000	0.000000
0.833358	0.070777	0.008425	0.000323	0.000073	0.022988	0.000101	0.019437	0.007600	0.003729	0.005050	0.022497	0.000498	0.002470	0.001550	0.001035	0.000090	0.000000	0.000000
0.176628	0.000008	0.000427	0.010115	0.007114	0.068850	0.000314	0.037273	0.104618	0.010554	0.395268	0.109749	0.038167	0.036108	0.002426	0.001069	0.001313	0.000000	0.000000
0.898631	0.046916	0.007351	0.000960	0.001262	0.024432	0.000058	0.000045	0.005606	0.008123	0.002062	0.003262	0.000082	0.000001	0.000891	0.000306	0.000010	0.000000	0.000000
0.166371	0.000366	0.000119	0.010541	0.008714	0.061078	0.000356	0.041017	0.097853	0.017811	0.388306	0.127306	0.039409	0.035377	0.003204	0.000721	0.001453	0.000000	0.000000
0.048271	0.059123	0.012550	0.072926	0.004670	0.068343	0.023195	0.023143	0.271052	0.072071	0.103428	0.232434	0.005159	0.000499	0.001867	0.001142	0.000125	0.000000	0.000000
0.744763	0.000204	0.031517	0.016587	0.000469	0.015045	0.029396	0.004959	0.035955	0.028578	0.017124	0.069237	0.000044	0.004304	0.001496	0.000012	0.000309	0.000000	0.000000
0.826549	0.011499	0.022333	0.004093	0.000100	0.023565	0.009382	0.004282	0.018994	0.018794	0.009512	0.048805	0.000013	0.001446	0.000602	0.000004	0.000028	0.000000	0.000000
0.932784	0.054042	0.003491	0.000332	0.000011	0.001743	0.002556	0.000981	0.001778	0.000122	0.000007	0.000018	0.000076	0.001740	0.000198	0.000055	0.000065	0.000000	0.000000
0.608352	0.029354	0.000409	0.012056	0.002000	0.074400	0.001789	0.019255	0.151208	0.004093	0.032429	0.041613	0.011873	0.000567	0.008666	0.000504	0.001433	0.000000	0.000000
0.859038	0.102816	0.001835	0.000033	0.000150	0.015746	0.000009	0.005666	0.003908	0.000001	0.000008	0.005600	0.001251	0.000260	0.002602	0.000890	0.000187	0.000000	0.000000
0.910324	0.057734	0.000998	0.000107	0.000028	0.014882	0.000472	0.000859	0.011673	0.000042	0.000501	0.000876	0.001147	0.000086	0.000001	0.000189	0.000081	0.000000	0.000000
0.913939	0.066055	0.001308	0.000044	0.000142	0.011016	0.000000	0.001714	0.003852	0.000000	0.000646	0.000000	0.000856	0.000260	0.000044	0.000100	0.000023	0.000000	0.000000
0.913386	0.070900	0.000361	0.000007	0.000034	0.005673	0.000550	0.002140	0.003699	0.001943	0.000057	0.001038	0.000077	0.000055	0.000039	0.000029	0.000015	0.000000	0.000000
0.918266	0.071837	0.000590	0.000208	0.000200	0.003207	0.000375	0.000684	0.001484	0.001397	0.000089	0.001150	0.000314	0.000183	0.000001	0.000001	0.000013	0.000000	0.000000
0.906274	0.079639	0.001443	0.000162	0.000010	0.007890	0.000048	0.002239	0.000747	0.000869	0.000027	0.000306	0.000001	0.000190	0.000008	0.000145	0.000003	0.000000	0.000000
0.003203	0.123876	0.029955	0.002661	0.003151	0.186951	0.003751	0.039494	0.208545	0.136878	0.125875	0.128080	0.000094	0.001736	0.003543	0.000141	0.002064	0.000000	0.000000
0.815454	0.006943	0.017673	0.004666	0.000114	0.063375	0.001923	0.014528	0.048905	0.007146	0.013002	0.001171	0.001101	0.000841	0.000002	0.002722	0.000436	0.000000	0.000000
0.916970	0.070045	0.002775	0.002095	0.000067	0.006120	0.000153	0.000268	0.000767	0.000008	0.000199	0.000139	0.000059	0.000267	0.000015	0.000051	0.000001	0.000000	0.000000
0.911812	0.052845	0.007692	0.000505	0.000074	0.013731	0.000169	0.000088	0.002572	0.001298	0.000020	0.000735	0.001267	0.002950	0.000232	0.003943	0.000069	0.000000	0.000000
0.893167	0.048251	0.005012	0.000848	0.000214	0.028166	0.000064	0.000090	0.011657	0.003510	0.005513	0.002026	0.000853	0.000025	0.000561	0.000008	0.000034	0.000000	0.000000
0.916009	0.071717	0.001507	0.001060	0.000070	0.006914	0.000025	0.000003	0.000618	0.000658	0.000533	0.000636	0.000033	0.000180	0.000000	0.000037	0.000000	0.000000	0.000000
0.914750	0.073166	0.001793	0.001886	0.000106	0.005399	0.000248	0.000002	0.000418	0.000290	0.000437	0.000847	0.000041	0.000602	0.000011	0.000001	0.000002	0.000000	0.000000
0.911508	0.077986	0.002178	0.000363	0.000007	0.004793	0.000056	0.001347	0.000218	0.000652	0.000218	0.000311	0.000006	0.000245	0.000000	0.000105	0.000007	0.000000	0.000000
0.907613	0.052710	0.006127	0.001415	0.000538	0.019638	0.000132	0.000361	0.004970	0.001614	0.001718	0.001915	0.000262	0.000187	0.000557	0.000009	0.000233	0.000000	0.000000
0.918119	0.071669	0.000898	0.000439	0.000041	0.006272	0.000380	0.000143	0.000005	0.000623	0.000458	0.000514	0.000003	0.000303	0.000019	0.000117	0.000000	0.000000	0.000000
0.914614	0.075655	0.000845	0.000460	0.000007	0.005840	0.000355	0.000282	0.000057	0.000600	0.000371	0.000503	0.000021	0.000316	0.000004	0.000070	0.000000	0.000000	0.000000
0.913096	0.076063	0.001865	0.000750	0.000011	0.005266	0.000008	0.000511	0.000178	0.000663	0.000555	0.000513	0.000021	0.000369	0.000003	0.000128	0.000001	0.000000	0.000000
0.909926	0.079697	0.001755	0.000763	0.000025	0.005065	0.000015	0.000808	0.000079	0.000565	0.000402	0.000378	0.000093	0.000358	0.000012	0.000058	0.000003	0.000000	0.000000
0.909532	0.080059	0.001787	0.000728	0.000025	0.005149	0.000018	0.000911	0.000094	0.000546	0.000373	0.000296	0.000083	0.000341	0.000009	0.000048	0.000004	0.000000	0.000000
0.909746	0.080012	0.001703	0.000798	0.000009	0.004945	0.000031	0.000816	0.000053	0.000548	0.000408	0.000402	0.000089	0.000374	0.000013	0.000052	0.000002	0.000000	0.000000
0.730828	0.035597	0.020407	0.002393	0.000003	0.053601	0.000565	0.001679	0.026968	0.037905	0.036616	0.039222	0.002797	0.000499	0.006838	0.003865	0.000217	0.000000	0.000000
0.894448	0.089625	0.003327	0.000416	0.000013	0.007735	0.000001	0.002087	0.000415	0.000095	0.000009	0.000661	0.000007	0.000789	0.000136	0.000208	0.000028	0.000000	0.000000
0.621825	0.000083	0.007427	0.002568	0.000003	0.125708	0.000258	0.019649	0.113500	0.024764	0.019617	0.032397	0.000418	0.006668	0.000474	0.011402	0.013238	0.000000	0.000000
0.913979	0.067313	0.002195	0.000466	0.000006	0.010515	0.000175	0.001494	0.003024	0.000037	0.000211	0.000281	0.000197	0.000068	0.000007	0.000010	0.000023	0.000000	0.000000
0.832859	0.028563	0.006112	0.007086	0.000563	0.047641	0.000001	0.019209	0.023782	0.001948	0.002942	0.003039	0.000306	0.001187	0.000905	0.013287	0.010570	0.000000	0.000000
0.923368	0.045886	0.001917	0.000112	0.000136	0.017188	0.000092	0.000802	0.008551	0.000430	0.000025	0.001245	0.000182	0.000000	0.000053	0.000009	0.000005	0.000000	0.000000
0.905406	0.082767	0.001691	0.000595	0.000064	0.006641	0.000009	0.001260	0.000249	0.000157	0.000354	0.000311	0.000143	0.000297	0.000015	0.000040	0.000000	0.000000	0.000000
0.909735	0.079625	0.001812	0.000718	0.000023	0.005247	0.000018	0.000895	0.000098	0.000550	0.000357	0.000343	0.000098	0.000406	0.000016	0.000057	0.000002	0.000000	0.000000
0.911851	0.077286	0.001850	0.000603	0.000011	0.005552	0.000025	0.000818	0.000099	0.000612	0.000412	0.000349	0.000006	0.000291	0.000062	0.000172	0.000000	0.000000	0.000000
0.917879	0.073428	0.000697	0.000158	0.000076	0.005161	0.000189	0.000441	0.000186	0.000621	0.000327	0.000456	0.000000	0.000277	0.000000	0.000103	0.000000	0.000000	0.000000
0.919621	0.059894	0.002786	0.000293	0.000040	0.012272	0.000000	0.000630	0.002228	0.000122	0.000059	0.000814	0.000519	0.000589	0.000086	0.000007	0.000042	0.000000	0.000000
0.020890	0.336604	0.025823	0.068854	0.006090	0.019202	0.295603	0.045433	0.019648	0.084501	0.048164	0.019011	0.002575	0.007525	0.000039	0.000002	0.000037	0.000000	0.000000
0.271088	0.075106	0.050565	0.000152	0.003407	0.140613	0.000009	0.018046	0.123868	0.115320	0.057637	0.131132	0.003946	0.005199	0.003414	0.000484	0.000015	0.000000	0.000000
0.847456	0.032220	0.002720	0.000207	0.000632	0.021302	0.007792	0.000791	0.023271	0.003180	0.044152	0.003138	0.000001	0.007146	0.000749	0.004197	0.001046	0.000000	0.000000
0.920296	0.064104	0.002622	0.000824	0.000064	0.007847	0.000067	0.000314	0.001794	0.000465	0.000153	0.000700	0.000022	0.000546	0.000019	0.000151	0.000013	0.000000	0.000000
0.909848	0.079684	0.001736	0.000759	0.000024	0.005097	0.000017	0.000780	0.000084	0.000605	0.000419	0.000419	0.000090	0.000361	0.000011	0.000064	0.000003	0.000000	0.000000
0.911880	0.077380	0.002072	0.000884	0.000013	0.005468	0.000031	0.000745	0.000173	0.000359	0.000335	0.000221	0.000050	0.000323	0.000006	0.000060	0.000001	0.000000	0.000000
0.916701	0.068949	0.002182	0.000902	0.000012	0.007292	0.000098	0.000312	0.001061	0.000634	0.000182	0.001018	0.000000	0.000515	0.000002	0.000131	0.000007	0.000000	0.000000
0.911672	0.077936	0.001832	0.000596	0.000005	0.004897	0.000000	0.000949	0.000146	0.000616	0.000441	0.000342	0.000061	0.000434	0.000006	0.000064	0.000002	0.000000	0.000000
0.007958	0.169190	0.013997	0.106994	0.012835	0.135941	0.484401	0.028500	0.004757	0.028271	0.005026	0.000014	0.000412	0.000811	0.000504	0.000387	0.000002	0.000000	0.000000
0.914152	0.051082	0.009280	0.000269	0.000995	0.018817	0.000192	0.000394	0.003106	0.000926	0.000482	0.000149	0.000058	0.000008	0.000018	0.000023	0.000048	0.000000	0.000000
0.912290	0.076320	0.001566	0.000650	0.000022	0.006096	0.000029	0.000649	0.000357	0.000601	0.000326	0.000464	0.000151	0.000388	0.000006	0.000077	0.000008	0.000000	0.000000
0.912058	0.073558	0.002614	0.000642	0.000057	0.008359	0.000024	0.000991	0.000669	0.000007	0.000000	0.000029	0.000273	0.000475	0.000212	0.000005	0.000027	0.000000	0.000000
0.939339	0.053048	0.001755	0.000193	0.000021	0.002354	0.000586	0.000029	0.001911	0.000063	0.000121	0.000386	0.000076	0.000043	0.000008	0.000051	0.000017	0.000000	0.000000
0.922315	0.068613	0.002156	0.000425	0.000012	0.004469	0.000188	0.000420	0.000338	0.000152	0.000219	0.000229	0.000111	0.000297	0.000023	0.000030	0.000003	0.000000	0.000000
0.918520	0.073064	0.001390	0.000562	0.000218	0.003336	0.000040	0.000551	0.000409	0.000661	0.000373	0.000477	0.000111	0.000206	0.000001	0.000075	0.000006	0.000000	0.000000
0.909478	0.080167	0.001615	0.000648	0.000010	0.005218	0.000018	0.000970	0.000103	0.000583	0.000289	0.000412	0.000102	0.000332	0.000012	0.000039	0.000003	0.000000	0.000000
0.043274	0.177253	0.000003	0.114558	0.020886	0.203211	0.403452	0.014921	0.006712	0.009586	0.001102	0.000811	0.000119	0.002810	0.000443	0.000802	0.000058	0.000000	0.000000
0.807509	0.002456	0.000273	0.031805	0.000349	0.096479	0.056445	0.000399	0.001054	0.000293	0.000004	0.001051	0.000016	0.001466	0.000000	0.000399	0.000000	0.000000	0.000000
0.911203	0.075446	0.001930	0.000496	0.000059	0.007456	0.000083	0.001137	0.000945	0.000278	0.000000	0.000113	0.000256	0.000523	0.000069	0.000001	0.000006	0.000000	0.000000
0.028484	0.079833	0.001778	0.107224	0.020861	0.223946	0.490716	0.013215	0.021292	0.006063	0.000725	0.001597	0.000195	0.000998	0.002553	0.000148	0.000373	0.000000	0.000000
0.945292	0.023920	0.002135	0.000137	0.000983	0.008321	0.001813	0.000263	0.012989	0.001868	0.001256	0.000418	0.000413	0.000021	0.000001	0.000094	0.000079	0.000000	0.000000
0.928748	0.050725	0.004647	0.000154	0.000004	0.009167	0.000562	0.000119	0.002259	0.001118	0.000621	0.001191	0.000203	0.000205	0.000213	0.000016	0.000048	0.000000	0.000000
0.936740	0.051300	0.000371	0.000056	0.000446	0.004159	0.000105	0.000035	0.004242	0.000457	0.000245	0.001496	0.000221	0.000006	0.000100	0.000014	0.000008	0.000000	0.000000
0.911320	0.074344	0.000640	0.000142	0.000096	0.009950	0.000218	0.001344	0.000676	0.000403	0.000043	0.000159	0.000317	0.000329	0.000000	0.000004	0.000015	0.000000	0.000000
0.912864	0.053047	0.003994	0.001574	0.003471	0.004836	0.001970	0.000406	0.002105	0.003150	0.000515	0.008573	0.002086	0.000046	0.000656	0.000497	0.000210	0.000000	0.000000
0.909206	0.078422	0.000997	0.000773	0.000078	0.006385	0.000150	0.000973	0.000681	0.000674	0.000200	0.000869	0.000258	0.000306	0.000000	0.000013	0.000014	0.000000	0.000000
0.921967	0.056149	0.002185	0.001380	0.001589	0.003498	0.001097	0.000309	0.000547	0.002754	0.000183	0.006157	0.001347	0.000015	0.000424	0.000268	0.000131	0.000000	0.000000
0.909796	0.079967	0.001535	0.000670	0.000009	0.005231	0.000038	0.000829	0.000048	0.000611	0.000346	0.000434	0.000087	0.000337	0.000011	0.000047	0.000003	0.000000	0.000000
0.910065	0.077921	0.001780	0.000475	0.000002	0.006924	0.000030	0.000911	0.000404	0.000587	0.000091	0.000361	0.000045	0.000320	0.000003	0.000080	0.000003	0.000000	0.000000
0.913377	0.077048	0.001360	0.000456	0.000006	0.005190	0.000001	0.000836	0.000258	0.000465	0.000147	0.000498	0.000119	0.000217	0.000000	0.000013	0.000008	0.000000	0.000000
0.877427	0.031509	0.001695	0.000791	0.000518	0.037606	0.000093	0.000912	0.025569	0.003427	0.008799	0.007148	0.001718	0.000163	0.000602	0.001441	0.000582	0.000000	0.000000
0.911928	0.077317	0.001789	0.000802	0.000027	0.005569	0.000024	0.000589	0.000170	0.000504	0.000356	0.000398	0.000096	0.000350	0.000007	0.000070	0.000004	0.000000	0.000000
0.909437	0.070141	0.002491	0.000592	0.000028	0.012091	0.000078	0.000621	0.002606	0.000002	0.000102	0.000148	0.000542	0.000684	0.000318	0.000002	0.000117	0.000000	0.000000
0.914259	0.072221	0.001137	0.000304	0.000008	0.008194	0.000063	0.001092	0.001292	0.000489	0.000260	0.000151	0.000178	0.000256	0.000016	0.000057	0.000023	0.000000	0.000000
0.912723	0.072737	0.002089	0.000602	0.000042	0.009149	0.000024	0.001016	0.001017	0.000057	0.000009	0.000001	0.000197	0.000288	0.000031	0.000005	0.000014	0.000000	0.000000
0.923587	0.063538	0.001469	0.000010	0.000165	0.007654	0.000360	0.000972	0.001338	0.000006	0.000253	0.000053	0.000222	0.000160	0.000032	0.000149	0.000032	0.000000	0.000000
0.909331	0.080107	0.001652	0.000650	0.000016	0.005614	0.000015	0.000902	0.000187	0.000514	0.000314	0.000275	0.000086	0.000308	0.000001	0.000024	0.000005	0.000000	0.000000
0.924818	0.063656	0.001586	0.000000	0.000139	0.006845	0.000343	0.000878	0.000939	0.000001	0.000160	0.000012	0.000234	0.000209	0.000077	0.000081	0.000024	0.000000	0.000000
0.028791	0.162988	0.001361	0.115991	0.012257	0.231800	0.416173	0.013782	0.007128	0.002292	0.000651	0.001376	0.003633	0.000881	0.000003	0.000228	0.000666	0.000000	0.000000
0.220742	0.073990	0.001574	0.097839	0.000478	0.201635	0.342522	0.037998	0.000246	0.000138	0.009110	0.004030	0.002136	0.001377	0.002944	0.001407	0.001833	0.000000	0.000000
0.903866	0.085134	0.001925	0.000001	0.000007	0.001712	0.000630	0.003605	0.000101	0.000801	0.000407	0.000008	0.000226	0.001305	0.000256	0.000014	0.000003	0.000000	0.000000
0.236277	0.060781	0.005877	0.109257	0.019805	0.124927	0.366687	0.002799	0.000308	0.000241	0.009999	0.003626	0.038807	0.004724	0.009027	0.005718	0.001139	0.000000	0.000000
0.915353	0.075903	0.001771	0.000302	0.000006	0.003539	0.000134	0.000674	0.000042	0.000653	0.000390	0.000573	0.000109	0.000460	0.000023	0.000069	0.000000	0.000000	0.000000
0.024274	0.055029	0.079080	0.055975	0.143852	0.002515	0.079242	0.112208	0.206335	0.053071	0.011959	0.077331	0.019149	0.077243	0.000814	0.000963	0.000959	0.000000	0.000000
0.804815	0.000175	0.022154	0.019185	0.018568	0.003017	0.057919	0.006649	0.034893	0.015536	0.000974	0.003963	0.000940	0.008334	0.001466	0.000696	0.000715	0.000000	0.000000
0.934467	0.028302	0.006479	0.005270	0.000823	0.000128	0.019079	0.001677	0.001844	0.000202	0.000008	0.000557	0.000035	0.000815	0.000275	0.000012	0.000027	0.000000	0.000000
0.920126	0.027920	0.009480	0.000051	0.006882	0.000892	0.003160	0.004100	0.016699	0.004141	0.000002	0.000018	0.000068	0.005492	0.000415	0.000299	0.000254	0.000000	0.000000
0.908027	0.080586	0.002221	0.000403	0.000009	0.005613	0.000003	0.000889	0.000348	0.000535	0.000306	0.000073	0.000207	0.000731	0.000017	0.000019	0.000013	0.000000	0.000000
0.858092	0.075719	0.006722	0.004365	0.000853	0.013848	0.004672	0.012901	0.007593	0.001307	0.000228	0.003021	0.002185	0.007690	0.000092	0.000446	0.000267	0.000000	0.000000
0.904618	0.083872	0.001722	0.000051	0.000007	0.004411	0.000454	0.002134	0.000104	0.000271	0.001344	0.000356	0.000001	0.000584	0.000071	0.000001	0.000000	0.000000	0.000000
0.908834	0.066091	0.003328	0.000466	0.000422	0.005414	0.000761	0.005532	0.001510	0.002643	0.001072	0.000079	0.000952	0.002050	0.000165	0.000631	0.000052	0.000000	0.000000
0.885685	0.088459	0.003881	0.000275	0.000010	0.013235	0.000001	0.001524	0.002087	0.000222	0.000208	0.001199	0.000155	0.002318	0.000013	0.000079	0.000649	0.000000	0.000000
0.899313	0.074563	0.002757	0.004462	0.006002	0.001348	0.001275	0.002009	0.002419	0.000101	0.001415	0.001824	0.000012	0.002246	0.000136	0.000002	0.000117	0.000000	0.000000
0.910148	0.078919	0.001720	0.000178	0.000000	0.005632	0.000020	0.001476	0.000419	0.000339	0.000016	0.000153	0.000260	0.000655	0.000054	0.000001	0.000010	0.000000	0.000000
0.038559	0.181978	0.002184	0.126647	0.011561	0.275518	0.347261	0.000588	0.000636	0.008772	0.001931	0.000407	0.000992	0.000230	0.000894	0.001419	0.000422	0.000000	0.000000
0.124057	0.067979	0.018990	0.083468	0.050102	0.208518	0.411806	0.000179	0.000121	0.025240	0.000269	0.002619	0.001101	0.002869	0.000884	0.000880	0.000917	0.000000	0.000000
0.814348	0.005907	0.012325	0.002234	0.027215	0.043224	0.077508	0.001154	0.000043	0.002461	0.002790	0.005740	0.001047	0.002762	0.000000	0.000102	0.001139	0.000000	0.000000
0.908507	0.080143	0.002407	0.000086	0.000002	0.004097	0.000110	0.002024	0.000370	0.000497	0.000241	0.000145	0.000125	0.001166	0.000068	0.000002	0.000011	0.000000	0.000000
0.840910	0.024479	0.005854	0.019229	0.003558	0.013478	0.084465	0.002744	0.001138	0.000890	0.000001	0.001506	0.000004	0.000847	0.000729	0.000156	0.000013	0.000000	0.000000
0.895842	0.029305	0.003431	0.009220	0.000673	0.011374	0.047809	0.000619	0.000175	0.000192	0.000008	0.000003	0.000146	0.000391	0.000758	0.000051	0.000003	0.000000	0.000000
0.925060	0.055894	0.004184	0.000704	0.000109	0.009114	0.000015	0.000450	0.002870	0.000508	0.000004	0.000661	0.000066	0.000265	0.000075	0.000021	0.000001	0.000000	0.000000
0.368131	0.025527	0.000555	0.112825	0.000912	0.265783	0.213975	0.001017	0.006490	0.000000	0.000561	0.000353	0.000476	0.000238	0.001717	0.001087	0.000353	0.000000	0.000000
0.931668	0.056522	0.001705	0.000007	0.003801	0.002107	0.000324	0.000703	0.000575	0.001211	0.000351	0.000639	0.000004	0.000212	0.000102	0.000066	0.000001	0.000000	0.000000
0.922866	0.028784	0.001767	0.008370	0.000001	0.006813	0.027436	0.000772	0.001606	0.000000	0.000164	0.000722	0.000064	0.000123	0.000390	0.000088	0.000034	0.000000	0.000000
0.902115	0.086817	0.001838	0.000456	0.000006	0.004508	0.000010	0.002617	0.000039	0.000570	0.000500	0.000012	0.000049	0.000415	0.000017	0.000023	0.000008	0.000000	0.000000
0.909323	0.080241	0.001719	0.000715	0.000020	0.005101	0.000013	0.000876	0.000085	0.000576	0.000360	0.000385	0.000122	0.000389	0.000020	0.000052	0.000004	0.000000	0.000000
0.937766	0.037870	0.001641	0.002902	0.000314	0.002624	0.012641	0.000491	0.000951	0.000450	0.000801	0.000562	0.000036	0.000816	0.000076	0.000000	0.000060	0.000000	0.000000
0.930943	0.046847	0.001772	0.003090	0.000001	0.001432	0.012967	0.000604	0.000092	0.000614	0.000146	0.000816	0.000018	0.000547	0.000110	0.000000	0.000002	0.000000	0.000000
0.923769	0.069381	0.001737	0.000020	0.000009	0.001338	0.001002	0.000645	0.000038	0.000604	0.000389	0.000598	0.000077	0.000325	0.000016	0.000052	0.000001	0.000000	0.000000
0.931926	0.050118	0.001339	0.001735	0.000513	0.001810	0.007848	0.000544	0.001403	0.000418	0.000073	0.001276	0.000385	0.000435	0.000153	0.000025	0.000000	0.000000	0.000000
0.933619	0.055841	0.001969	0.000493	0.000008	0.000099	0.005797	0.000402	0.000001	0.000440	0.000342	0.000628	0.000010	0.000271	0.000052	0.000026	0.000002	0.000000	0.000000
0.927717	0.065430	0.001729	0.000027	0.000042	0.000178	0.002059	0.000615	0.000016	0.000684	0.000397	0.000617	0.000046	0.000364	0.000051	0.000026	0.000004	0.000000	0.000000
0.927717	0.065430	0.001729	0.000027	0.000042	0.000178	0.002059	0.000615	0.000016	0.000684	0.000397	0.000617	0.000046	0.000364	0.000051	0.000026	0.000004	0.000000	0.000000
0.783637	0.002092	0.002819	0.041284	0.000240	0.051851	0.116863	0.000015	0.000308	0.000037	0.000030	0.000371	0.000108	0.000149	0.000106	0.000088	0.000002	0.000000	0.000000
0.922810	0.069707	0.001858	0.000177	0.000016	0.002334	0.000454	0.000453	0.000077	0.000570	0.000580	0.000550	0.000028	0.000257	0.000012	0.000114	0.000002	0.000000	0.000000
0.928162	0.061691	0.002804	0.000269	0.000000	0.000921	0.004187	0.001063	0.000346	0.000026	0.000084	0.000011	0.000007	0.000361	0.000009	0.000004	0.000053	0.000000	0.000000
0.927976	0.063927	0.001650	0.000197	0.000001	0.000151	0.003534	0.000879	0.000006	0.000506	0.000279	0.000405	0.000092	0.000329	0.000051	0.000011	0.000007	0.000000	0.000000
0.915525	0.075890	0.001817	0.000171	0.000040	0.003461	0.000128	0.001228	0.000228	0.000428	0.000081	0.000445	0.000101	0.000431	0.000019	0.000005	0.000002	0.000000	0.000000
0.918815	0.073138	0.001834	0.000165	0.000000	0.002856	0.000505	0.000651	0.000036	0.000518	0.000378	0.000547	0.000084	0.000397	0.000029	0.000045	0.000002	0.000000	0.000000
0.916385	0.074848	0.001851	0.000173	0.000002	0.003295	0.000250	0.000980	0.000069	0.000589	0.000459	0.000416	0.000078	0.000527	0.000011	0.000064	0.000001	0.000000	0.000000
0.938313	0.052485	0.001806	0.000311	0.000051	0.000039	0.004221	0.000054	0.000073	0.000654	0.000519	0.001190	0.000045	0.000168	0.000022	0.000049	0.000001	0.000000	0.000000
0.935084	0.057629	0.001585	0.000129	0.000086	0.000008	0.002923	0.000157	0.000038	0.000682	0.000470	0.000956	0.000068	0.000110	0.000042	0.000033	0.000000	0.000000	0.000000
0.921997	0.064599	0.000414	0.000035	0.000009	0.006140	0.000086	0.000776	0.001997	0.001713	0.000477	0.001364	0.000031	0.000079	0.000127	0.000151	0.000006	0.000000	0.000000
0.843973	0.002052	0.010017	0.006877	0.000288	0.021738	0.003652	0.010682	0.090198	0.000148	0.000169	0.001289	0.000925	0.003483	0.002721	0.001252	0.000538	0.000000	0.000000
0.909907	0.079366	0.001670	0.000785	0.000002	0.005290	0.000028	0.000803	0.000157	0.000556	0.000444	0.000437	0.000100	0.000372	0.000013	0.000062	0.000006	0.000000	0.000000
0.943702	0.027170	0.000804	0.000894	0.003726	0.011448	0.005746	0.002272	0.000243	0.000181	0.000148	0.000024	0.000794	0.001100	0.001705	0.000011	0.000031	0.000000	0.000000
0.921234	0.069875	0.001118	0.000406	0.000027	0.003947	0.000060	0.000510	0.000802	0.000578	0.000512	0.000476	0.000092	0.000275	0.000070	0.000017	0.000001	0.000000	0.000000
0.919253	0.068988	0.002461	0.000755	0.000010	0.006965	0.000017	0.000606	0.000604	0.000020	0.000010	0.000001	0.000138	0.000159	0.000011	0.000000	0.000001	0.000000	0.000000
0.914857	0.074539	0.001355	0.000529	0.000002	0.005642	0.000005	0.000559	0.000281	0.000721	0.000710	0.000405	0.000035	0.000180	0.000016	0.000156	0.000009	0.000000	0.000000
0.926478	0.052895	0.000209	0.000113	0.000979	0.008827	0.004388	0.000564	0.003534	0.000302	0.000042	0.000652	0.000482	0.000146	0.000246	0.000117	0.000023	0.000000	0.000000
0.913138	0.077192	0.001337	0.000596	0.000002	0.005137	0.000021	0.000590	0.000076	0.000645	0.000369	0.000611	0.000041	0.000165	0.000002	0.000075	0.000003	0.000000	0.000000
0.925404	0.055755	0.000067	0.000047	0.000735	0.008621	0.004232	0.000347	0.003497	0.000254	0.000061	0.000409	0.000329	0.000026	0.000099	0.000094	0.000024	0.000000	0.000000
0.673764	0.070199	0.023057	0.051232	0.029711	0.043539	0.015125	0.012411	0.016592	0.000426	0.056976	0.000170	0.000289	0.002189	0.000438	0.003691	0.000192	0.000000	0.000000
0.920320	0.063562	0.000012	0.000046	0.001098	0.007753	0.002775	0.000001	0.003526	0.000191	0.000022	0.000208	0.000065	0.000346	0.000002	0.000074	0.000000	0.000000	0.000000
0.919066	0.071631	0.000950	0.000203	0.000168	0.006152	0.000147	0.000398	0.000003	0.000294	0.000122	0.000292	0.000039	0.000437	0.000000	0.000093	0.000004	0.000000	0.000000
0.910967	0.079305	0.001339	0.000600	0.000003	0.005254	0.000102	0.000664	0.000001	0.000542	0.000333	0.000420	0.000055	0.000361	0.000007	0.000045	0.000002	0.000000	0.000000
0.909754	0.079515	0.001495	0.000429	0.000001	0.005877	0.000022	0.001040	0.000141	0.000554	0.000156	0.000314	0.000140	0.000493	0.000045	0.000015	0.000008	0.000000	0.000000
0.911178	0.078755	0.001368	0.000583	0.000003	0.005585	0.000069	0.000716	0.000044	0.000590	0.000260	0.000459	0.000066	0.000273	0.000011	0.000037	0.000002	0.000000	0.000000
0.772612	0.135792	0.000634	0.005186	0.003415	0.028137	0.002505	0.023060	0.000368	0.002694	0.019849	0.000400	0.002381	0.001539	0.000105	0.001185	0.000139	0.000000	0.000000
0.038261	0.148468	0.000001	0.111761	0.007092	0.257787	0.387092	0.012784	0.018734	0.010278	0.000102	0.001483	0.001062	0.001938	0.001165	0.001220	0.000772	0.000000	0.000000
0.017820	0.130816	0.000448	0.105732	0.012621	0.227215	0.443100	0.015124	0.022777	0.014510	0.000199	0.001538	0.001094	0.002522	0.001553	0.001799	0.001131	0.000000	0.000000
0.005095	0.121020	0.001566	0.098534	0.014348	0.209271	0.478232	0.017970	0.023842	0.016982	0.000091	0.001978	0.001197	0.003240	0.002767	0.002521	0.001344	0.000000	0.000000
0.910187	0.080466	0.001596	0.000124	0.000380	0.000009	0.000533	0.004503	0.000002	0.000842	0.000623	0.000003	0.000033	0.000636	0.000062	0.000000	0.000002	0.000000	0.000000
0.917170	0.075418	0.000527	0.000134	0.000259	0.000868	0.000415	0.001324	0.000001	0.000256	0.000784	0.000714	0.000593	0.001255	0.000259	0.000004	0.000018	0.000000	0.000000
0.923500	0.069888	0.000522	0.000042	0.000094	0.003578	0.000006	0.000314	0.000288	0.000553	0.000458	0.000465	0.000010	0.000211	0.000000	0.000070	0.000000	0.000000	0.000000
0.930346	0.060347	0.001840	0.000045	0.000007	0.000089	0.004313	0.000072	0.000124	0.000585	0.001053	0.000688	0.000008	0.000312	0.000019	0.000095	0.000057	0.000000	0.000000
0.911528	0.078397	0.001843	0.000975	0.000004	0.004320	0.000026	0.000746	0.000108	0.000472	0.000481	0.000503	0.000087	0.000453	0.000003	0.000053	0.000000	0.000000	0.000000
0.911792	0.078090	0.001490	0.000625	0.000013	0.005274	0.000064	0.000666	0.000030	0.000607	0.000430	0.000435	0.000100	0.000317	0.000001	0.000062	0.000002	0.000000	0.000000
0.469645	0.015086	0.004352	0.102538	0.010415	0.306350	0.083670	0.000017	0.000705	0.003154	0.000118	0.003137	0.000187	0.000526	0.000011	0.000018	0.000071	0.000000	0.000000
0.923891	0.068378	0.000010	0.000077	0.000083	0.002409	0.000875	0.001172	0.000047	0.001251	0.000080	0.000574	0.000480	0.000662	0.000000	0.000003	0.000008	0.000000	0.000000
0.936377	0.042088	0.000095	0.002919	0.001769	0.009801	0.003347	0.000512	0.000006	0.001530	0.000424	0.000925	0.000031	0.000115	0.000061	0.000000	0.000000	0.000000	0.000000
0.906395	0.025568	0.001196	0.009190	0.000036	0.016472	0.037452	0.000000	0.000314	0.000134	0.000733	0.002176	0.000006	0.000152	0.000174	0.000000	0.000001	0.000000	0.000000
0.931404	0.051296	0.001455	0.000829	0.003753	0.004797	0.000467	0.001330	0.000185	0.001979	0.000493	0.000241	0.000088	0.001273	0.000028	0.000370	0.000011	0.000000	0.000000
0.277849	0.174705	0.536048	0.005604	0.000893	0.000528	0.001940	0.000254	0.000267	0.001634	0.000113	0.000005	0.000000	0.000003	0.000008	0.000033	0.000115	0.000000	0.000000
0.234531	0.226813	0.528737	0.003610	0.002369	0.000021	0.001554	0.000080	0.000006	0.000479	0.000810	0.000071	0.000156	0.000502	0.000003	0.000016	0.000244	0.000000	0.000000
0.855989	0.025681	0.022242	0.000655	0.010289	0.003120	0.000280	0.005320	0.016698	0.015379	0.000398	0.001747	0.007705	0.006374	0.000010	0.022022	0.006091	0.000000	0.000000
0.195752	0.005884	0.530292	0.022006	0.004267	0.043556	0.003451	0.028074	0.015862	0.017591	0.065673	0.003091	0.004859	0.025774	0.001733	0.003001	0.029134	0.000000	0.000000
0.821437	0.018165	0.032900	0.000016	0.017771	0.012150	0.006394	0.007549	0.025211	0.033689	0.000813	0.000083	0.003502	0.011519	0.002242	0.006513	0.000046	0.000000	0.000000
0.215672	0.159812	0.080093	0.078092	0.012467	0.055883	0.059349	0.063645	0.037705	0.119728	0.000004	0.001256	0.005291	0.030641	0.013712	0.066612	0.000037	0.000000	0.000000
0.044706	0.075831	0.256982	0.031585	0.005966	0.021676	0.060011	0.059455	0.069414	0.096749	0.005810	0.003260	0.019728	0.108485	0.013974	0.122036	0.004333	0.000000	0.000000
0.366044	0.000199	0.012750	0.275015	0.022007	0.066436	0.059443	0.047452	0.034222	0.079431	0.001322	0.000558	0.000272	0.000929	0.002578	0.026548	0.004794	0.000000	0.000000
0.530437	0.000087	0.006019	0.019830	0.000950	0.171957	0.006518	0.005498	0.073281	0.021235	0.009824	0.000129	0.000773	0.101530	0.002823	0.047855	0.001255	0.000000	0.000000
0.880353	0.044688	0.012473	0.000183	0.000089	0.019477	0.000001	0.003202	0.002913	0.006562	0.000202	0.000954	0.001982	0.019599	0.000742	0.006382	0.000199	0.000000	0.000000
0.911168	0.071231	0.003287	0.000266	0.000216	0.006963	0.000066	0.001072	0.000836	0.000928	0.000007	0.000488	0.000058	0.003074	0.000034	0.000306	0.000000	0.000000	0.000000
0.911334	0.078409	0.001322	0.000539	0.000002	0.005494	0.000069	0.000866	0.000013	0.000687	0.000376	0.000375	0.000055	0.000376	0.000010	0.000071	0.000003	0.000000	0.000000
0.877695	0.068192	0.000452	0.000512	0.000595	0.035977	0.001973	0.000291	0.007031	0.000881	0.000040	0.000285	0.002437	0.000346	0.001195	0.002098	0.000000	0.000000	0.000000
0.913571	0.076150	0.001632	0.000490	0.000949	0.002012	0.000532	0.001290	0.000460	0.001340	0.000361	0.000357	0.000018	0.000700	0.000001	0.000138	0.000001	0.000000	0.000000
0.071242	0.023274	0.008410	0.001393	0.325606	0.394252	0.139125	0.000669	0.022472	0.009412	0.000066	0.000395	0.002190	0.001370	0.000100	0.000018	0.000006	0.000000	0.000000
0.040278	0.011043	0.009112	0.000855	0.378783	0.390609	0.124881	0.003572	0.028194	0.004721	0.001328	0.000454	0.004581	0.001570	0.000011	0.000002	0.000009	0.000000	0.000000
0.847895	0.060516	0.000457	0.001694	0.032582	0.014956	0.019238	0.002400	0.008384	0.008645	0.000125	0.000627	0.000137	0.000056	0.000480	0.001294	0.000513	0.000000	0.000000
0.024096	0.020712	0.006335	0.002552	0.326978	0.421296	0.159856	0.000079	0.019501	0.012910	0.000001	0.001981	0.001875	0.001497	0.000233	0.000095	0.000001	0.000000	0.000000
0.048700	0.225778	0.003557	0.061697	0.096042	0.463347	0.035170	0.000567	0.035803	0.011248	0.000258	0.000435	0.000137	0.002686	0.008072	0.006496	0.000007	0.000000	0.000000
0.383508	0.125386	0.000378	0.135430	0.002849	0.010316	0.181806	0.002219	0.073201	0.003174	0.006448	0.015499	0.004651	0.038029	0.010703	0.005470	0.000932	0.000000	0.000000
0.552125	0.067416	0.002228	0.094560	0.001915	0.000004	0.114737	0.000536	0.077362	0.003423	0.011275	0.013278	0.002912	0.043225	0.008595	0.005420	0.000991	0.000000	0.000000
0.912929	0.077330	0.001232	0.000436	0.000051	0.004270	0.000016	0.000914	0.000227	0.000819	0.000530	0.000518	0.000241	0.000419	0.000000	0.000065	0.000005	0.000000	0.000000
0.911503	0.078769	0.001522	0.000630	0.000107	0.004154	0.000037	0.000842	0.000146	0.000674	0.000508	0.000367	0.000184	0.000452	0.000012	0.000090	0.000003	0.000000	0.000000
0.537971	0.009115	0.000043	0.063012	0.003992	0.226381	0.153514	0.001664	0.000398	0.000492	0.001799	0.001189	0.000030	0.000135	0.000092	0.000147	0.000026	0.000000	0.000000
0.938904	0.044970	0.000320	0.002344	0.000099	0.000108	0.006816	0.000554	0.001506	0.001335	0.001599	0.000614	0.000076	0.000256	0.000185	0.000231	0.000084	0.000000	0.000000
0.729853	0.000400	0.000585	0.027859	0.006110	0.142626	0.089493	0.000952	0.000093	0.000158	0.000637	0.001036	0.000061	0.000029	0.000072	0.000030	0.000006	0.000000	0.000000
0.876159	0.019418	0.036055	0.029955	0.001701	0.000010	0.021943	0.000552	0.007019	0.004107	0.000018	0.000160	0.001204	0.000491	0.000533	0.000280	0.000396	0.000000	0.000000
0.884628	0.041393	0.020780	0.011448	0.001857	0.001509	0.022633	0.000451	0.010810	0.003175	0.000022	0.000682	0.000248	0.000211	0.000002	0.000006	0.000145	0.000000	0.000000
0.931732	0.059796	0.000554	0.000120	0.000114	0.002222	0.000107	0.000984	0.001140	0.000753	0.000532	0.000084	0.000570	0.000654	0.000224	0.000368	0.000046	0.000000	0.000000
0.000151	0.147143	0.035732	0.203979	0.027698	0.250994	0.175910	0.020334	0.127179	0.002169	0.000676	0.002345	0.000871	0.000643	0.002741	0.001303	0.000132	0.000000	0.000000
0.588724	0.004026	0.071939	0.066903	0.026950	0.000291	0.029808	0.006055	0.193622	0.000217	0.001796	0.000564	0.000557	0.002260	0.005005	0.001162	0.000124	0.000000	0.000000
0.042404	0.098978	0.003837	0.149720	0.012252	0.294010	0.339773	0.012543	0.037476	0.002313	0.000010	0.003295	0.000291	0.001819	0.000799	0.000431	0.000049	0.000000	0.000000
0.922446	0.071146	0.000188	0.000026	0.000176	0.002230	0.000807	0.000632	0.000053	0.000934	0.000268	0.000436	0.000159	0.000463	0.000011	0.000024	0.000000	0.000000	0.000000
0.028965	0.098807	0.187308	0.143866	0.075229	0.017883	0.056018	0.022943	0.356345	0.000487	0.002773	0.000298	0.005745	0.000002	0.001432	0.001255	0.000645	0.000000	0.000000
0.868318	0.039858	0.012080	0.007935	0.007370	0.007232	0.015122	0.000618	0.039723	0.000395	0.000066	0.000295	0.000778	0.000041	0.000054	0.000064	0.000052	0.000000	0.000000
0.093123	0.049783	0.184058	0.220684	0.071730	0.033045	0.005172	0.014468	0.315930	0.000150	0.003319	0.002472	0.001289	0.000001	0.002764	0.001856	0.000154	0.000000	0.000000
0.378458	0.000000	0.105343	0.046629	0.061566	0.005343	0.110435	0.010715	0.261766	0.000374	0.001208	0.001951	0.001075	0.005811	0.006119	0.002244	0.000961	0.000000	0.000000
0.035388	0.168951	0.139549	0.237980	0.045930	0.127155	0.008773	0.015026	0.212830	0.000093	0.001925	0.001449	0.000991	0.000197	0.001963	0.001648	0.000153	0.000000	0.000000
0.802930	0.019349	0.035621	0.031967	0.017308	0.001093	0.012316	0.000863	0.076366	0.000613	0.000083	0.000750	0.000656	0.000024	0.000031	0.000024	0.000008	0.000000	0.000000
0.928214	0.056576	0.001006	0.001889	0.001657	0.002770	0.000483	0.000128	0.005558	0.000704	0.000187	0.000600	0.000011	0.000145	0.000008	0.000060	0.000006	0.000000	0.000000
0.891221	0.044574	0.009016	0.008124	0.005583	0.003421	0.007298	0.000036	0.029301	0.000553	0.000001	0.000532	0.000259	0.000025	0.000015	0.000030	0.000011	0.000000	0.000000
0.009896	0.166304	0.121302	0.251304	0.040044	0.170559	0.026809	0.014595	0.189158	0.000093	0.001456	0.002066	0.000457	0.000017	0.003490	0.002281	0.000168	0.000000	0.000000
0.003133	0.124924	0.123715	0.252007	0.046953	0.166896	0.022782	0.013698	0.235865	0.000135	0.001282	0.001345	0.001517	0.000256	0.002997	0.002285	0.000212	0.000000	0.000000
0.617096	0.292888	0.080511	0.003042	0.000032	0.005965	0.000000	0.000004	0.000022	0.000000	0.000146	0.000013	0.000226	0.000023	0.000012	0.000013	0.000006	0.000000	0.000000
0.550788	0.149291	0.109200	0.119130	0.051032	0.000060	0.004330	0.006384	0.004903	0.004018	0.000643	0.000001	0.000083	0.000079	0.000052	0.000000	0.000005	0.000000	0.000000
0.117110	0.137130	0.253732	0.208689	0.091530	0.012573	0.047840	0.013394	0.001540	0.056191	0.033701	0.000437	0.003545	0.002052	0.009538	0.010987	0.000010	0.000000	0.000000
0.001054	0.129441	0.151741	0.217734	0.067058	0.003604	0.000260	0.047185	0.116945	0.090721	0.116128	0.000215	0.002514	0.001289	0.020798	0.033314	0.000001	0.000000	0.000000
0.023610	0.097089	0.170794	0.201885	0.066072	0.009799	0.002725	0.040921	0.112235	0.093251	0.124300	0.000534	0.000605	0.001910	0.021249	0.032989	0.000030	0.000000	0.000000
0.922997	0.047467	0.000443	0.003009	0.001111	0.001939	0.001283	0.006628	0.004417	0.004277	0.003339	0.000221	0.000682	0.000682	0.000208	0.001283	0.000013	0.000000	0.000000
0.419449	0.012160	0.132957	0.045771	0.043780	0.031733	0.139103	0.002736	0.160464	0.004408	0.003210	0.001989	0.001922	0.000066	0.000011	0.000125	0.000117	0.000000	0.000000
0.473074	0.015872	0.109257	0.038034	0.038784	0.031039	0.118737	0.003539	0.163526	0.002539	0.002639	0.001118	0.001108	0.000029	0.000476	0.000163	0.000067	0.000000	0.000000
0.909880	0.078715	0.000336	0.000225	0.000008	0.005372	0.000596	0.001414	0.000365	0.001516	0.000298	0.000924	0.000001	0.000057	0.000182	0.000094	0.000016	0.000000	0.000000
0.913959	0.073489	0.000024	0.000030	0.000806	0.006756	0.001125	0.001032	0.000499	0.001121	0.000552	0.000451	0.000004	0.000035	0.000002	0.000093	0.000023	0.000000	0.000000
0.545027	0.129504	0.047037	0.112421	0.045011	0.010624	0.015060	0.032959	0.048813	0.003705	0.003420	0.000002	0.003452	0.002404	0.000220	0.000336	0.000005	0.000000	0.000000
0.063564	0.255472	0.072602	0.300075	0.039044	0.095836	0.121018	0.001280	0.006883	0.000136	0.032975	0.000066	0.006713	0.001560	0.002626	0.000033	0.000119	0.000000	0.000000
0.862009	0.099137	0.000870	0.000461	0.003006	0.012117	0.000088	0.001780	0.000004	0.003595	0.008203	0.007030	0.000432	0.000665	0.000442	0.000000	0.000160	0.000000	0.000000
0.882346	0.043900	0.006461	0.001348	0.000715	0.023784	0.002439	0.005497	0.008029	0.003956	0.012781	0.000209	0.006234	0.001272	0.000445	0.000477	0.000108	0.000000	0.000000
0.914169	0.053377	0.000161	0.000018	0.000308	0.014370	0.000436	0.004331	0.008396	0.000228	0.002392	0.000262	0.001219	0.000293	0.000009	0.000031	0.000001	0.000000	0.000000
0.911978	0.078389	0.001264	0.000526	0.000001	0.005331	0.000095	0.000626	0.000000	0.000594	0.000456	0.000324	0.000033	0.000309	0.000001	0.000073	0.000002	0.000000	0.000000
0.154851	0.049512	0.001132	0.088841	0.002089	0.277816	0.386060	0.014182	0.015849	0.007280	0.000263	0.000337	0.000234	0.001320	0.000213	0.000021	0.000000	0.000000	0.000000
0.751460	0.017533	0.020919	0.020115	0.006286	0.026175	0.001973	0.021803	0.054428	0.017039	0.036169	0.000001	0.010918	0.001066	0.008763	0.005257	0.000096	0.000000	0.000000
0.786170	0.021456	0.011466	0.012072	0.004909	0.024179	0.000415	0.018432	0.051349	0.011773	0.035063	0.000108	0.006671	0.000075	0.010400	0.005397	0.000066	0.000000	0.000000
0.908630	0.078305	0.000238	0.000028	0.000000	0.005517	0.000588	0.001248	0.000038	0.001631	0.000282	0.000871	0.000728	0.001645	0.000223	0.000020	0.000008	0.000000	0.000000
0.912258	0.062518	0.000208	0.000745	0.000688	0.011209	0.004833	0.000076	0.000781	0.003326	0.000594	0.001302	0.000001	0.001153	0.000172	0.000129	0.000007	0.000000	0.000000
0.525022	0.000695	0.151406	0.134257	0.077310	0.013449	0.033945	0.001187	0.036531	0.008694	0.004702	0.000146	0.006558	0.002266	0.003415	0.000388	0.000028	0.000000	0.000000
0.813209	0.030007	0.009232	0.028679	0.015209	0.004151	0.013171	0.015370	0.038713	0.007958	0.010300	0.000071	0.013731	0.000098	0.000050	0.000011	0.000039	0.000000	0.000000
0.753108	0.037438	0.027206	0.010878	0.010239	0.012712	0.055218	0.001878	0.085822	0.000555	0.000080	0.000038	0.000586	0.002365	0.001748	0.000079	0.000052	0.000000	0.000000
0.140768	0.010160	0.001018	0.081672	0.383977	0.000020	0.060047	0.027866	0.214966	0.010409	0.000767	0.049541	0.000085	0.003703	0.007829	0.007140	0.000033	0.000000	0.000000
0.227404	0.020558	0.000327	0.096963	0.334142	0.001872	0.046947	0.026412	0.178125	0.013883	0.000111	0.038088	0.000333	0.001572	0.006337	0.006588	0.000339	0.000000	0.000000
0.227404	0.020558	0.000327	0.096963	0.334142	0.001872	0.046947	0.026412	0.178125	0.013883	0.000111	0.038088	0.000333	0.001572	0.006337	0.006588	0.000339	0.000000	0.000000
0.910473	0.079098	0.001119	0.000600	0.000017	0.005462	0.000139	0.000956	0.000047	0.000654	0.000433	0.000478	0.000094	0.000350	0.000020	0.000055	0.000003	0.000000	0.000000
0.910473	0.079098	0.001119	0.000600	0.000017	0.005462	0.000139	0.000956	0.000047	0.000654	0.000433	0.000478	0.000094	0.000350	0.000020	0.000055	0.000003	0.000000	0.000000
0.905834	0.076427	0.000150	0.000092	0.000134	0.010918	0.000329	0.000800	0.001269	0.001917	0.000094	0.001741	0.000003	0.000020	0.000046	0.000079	0.000148	0.000000	0.000000
0.905834	0.076427	0.000150	0.000092	0.000134	0.010918	0.000329	0.000800	0.001269	0.001917	0.000094	0.001741	0.000003	0.000020	0.000046	0.000079	0.000148	0.000000	0.000000
0.112300	0.174887	0.056213	0.070447	0.292714	0.035301	0.062956	0.022737	0.133229	0.003177	0.012338	0.002027	0.011044	0.002110	0.000688	0.007483	0.000349	0.000000	0.000000
0.890562	0.053361	0.003567	0.001017	0.004599	0.013481	0.000652	0.007964	0.009811	0.007049	0.004982	0.002224	0.000505	0.000082	0.000083	0.000050	0.000011	0.000000	0.000000
0.890562	0.053361	0.003567	0.001017	0.004599	0.013481	0.000652	0.007964	0.009811	0.007049	0.004982	0.002224	0.000505	0.000082	0.000083	0.000050	0.000011	0.000000	0.000000
0.895619	0.065786	0.000227	0.000111	0.001860	0.012893	0.000531	0.004876	0.008820	0.004004	0.002019	0.002341	0.000003	0.000335	0.000551	0.000018	0.000005	0.000000	0.000000
0.895619	0.065786	0.000227	0.000111	0.001860	0.012893	0.000531	0.004876	0.008820	0.004004	0.002019	0.002341	0.000003	0.000335	0.000551	0.000018	0.000005	0.000000	0.000000
0.089362	0.087739	0.004231	0.196632	0.062837	0.069666	0.434366	0.000400	0.007594	0.008900	0.004422	0.003949	0.000030	0.018737	0.005443	0.005205	0.000489	0.000000	0.000000
0.089362	0.087739	0.004231	0.196632	0.062837	0.069666	0.434366	0.000400	0.007594	0.008900	0.004422	0.003949	0.000030	0.018737	0.005443	0.005205	0.000489	0.000000	0.000000
0.523745	0.047669	0.009512	0.108411	0.169440	0.016953	0.027026	0.002874	0.023001	0.020067	0.017528	0.015219	0.001132	0.010133	0.000734	0.002878	0.003678	0.000000	0.000000
0.523745	0.047669	0.009512	0.108411	0.169440	0.016953	0.027026	0.002874	0.023001	0.020067	0.017528	0.015219	0.001132	0.010133	0.000734	0.002878	0.003678	0.000000	0.000000
0.896638	0.060765	0.002405	0.001726	0.000445	0.009698	0.001626	0.004710	0.006863	0.006296	0.002602	0.001525	0.002543	0.001010	0.001114	0.000013	0.000023	0.000000	0.000000
0.907267	0.066925	0.000503	0.000408	0.000068	0.006294	0.000912	0.003001	0.003915	0.004649	0.002395	0.001328	0.001238	0.000669	0.000389	0.000018	0.000021	0.000000	0.000000
0.876992	0.058452	0.000743	0.003925	0.002089	0.019172	0.000080	0.013196	0.015396	0.003904	0.002138	0.000012	0.002352	0.000879	0.000670	0.000000	0.000002	0.000000	0.000000
0.901433	0.069338	0.000054	0.000346	0.000514	0.012039	0.000153	0.006280	0.005071	0.002143	0.002092	0.000000	0.000168	0.000130	0.000030	0.000154	0.000056	0.000000	0.000000
0.325315	0.020767	0.063817	0.129528	0.057052	0.004688	0.000016	0.169547	0.100928	0.067158	0.002095	0.000459	0.006152	0.051534	0.000793	0.000086	0.000063	0.000000	0.000000
0.425780	0.010523	0.023513	0.015792	0.086550	0.079655	0.097868	0.039560	0.111860	0.061624	0.030793	0.000193	0.002971	0.002822	0.007333	0.002914	0.000247	0.000000	0.000000
0.637558	0.026672	0.005456	0.000804	0.074654	0.059820	0.070836	0.013704	0.057763	0.029432	0.015809	0.000568	0.001449	0.001108	0.002811	0.001476	0.000080	0.000000	0.000000
0.637558	0.026672	0.005456	0.000804	0.074654	0.059820	0.070836	0.013704	0.057763	0.029432	0.015809	0.000568	0.001449	0.001108	0.002811	0.001476	0.000080	0.000000	0.000000
0.890832	0.072626	0.000207	0.002451	0.000037	0.004446	0.000758	0.009312	0.005677	0.006901	0.003423	0.001113	0.000000	0.001394	0.000415	0.000397	0.000011	0.000000	0.000000
0.890832	0.072626	0.000207	0.002451	0.000037	0.004446	0.000758	0.009312	0.005677	0.006901	0.003423	0.001113	0.000000	0.001394	0.000415	0.000397	0.000011	0.000000	0.000000
0.276363	0.009270	0.078340	0.264231	0.021254	0.029419	0.092177	0.161903	0.022816	0.002829	0.020339	0.000050	0.003245	0.001643	0.014860	0.000001	0.001261	0.000000	0.000000
0.911691	0.073052	0.000064	0.001589	0.000450	0.001995	0.000742	0.006815	0.000331	0.001536	0.000898	0.000091	0.000074	0.000322	0.000320	0.000000	0.000031	0.000000	0.000000
0.911691	0.073052	0.000064	0.001589	0.000450	0.001995	0.000742	0.006815	0.000331	0.001536	0.000898	0.000091	0.000074	0.000322	0.000320	0.000000	0.000031	0.000000	0.000000
0.909239	0.080690	0.001176	0.000648	0.000020	0.004129	0.000164	0.001343	0.000112	0.000662	0.000608	0.000362	0.000197	0.000602	0.000031	0.000017	0.000002	0.000000	0.000000
0.909239	0.080690	0.001176	0.000648	0.000020	0.004129	0.000164	0.001343	0.000112	0.000662	0.000608	0.000362	0.000197	0.000602	0.000031	0.000017	0.000002	0.000000	0.000000
0.907863	0.079896	0.001182	0.000135	0.000608	0.002337	0.000792	0.002660	0.000553	0.002115	0.000592	0.000147	0.000008	0.000876	0.000075	0.000161	0.000001	0.000000	0.000000
0.907863	0.079896	0.001182	0.000135	0.000608	0.002337	0.000792	0.002660	0.000553	0.002115	0.000592	0.000147	0.000008	0.000876	0.000075	0.000161	0.000001	0.000000	0.000000
0.375663	0.128513	0.192115	0.104087	0.050021	0.024723	0.089325	0.004522	0.018615	0.001041	0.002825	0.000000	0.001926	0.006160	0.000430	0.000024	0.000011	0.000000	0.000000
0.245647	0.068155	0.077223	0.064226	0.026407	0.154204	0.011409	0.027272	0.239340	0.001196	0.018208	0.014098	0.000006	0.045580	0.000230	0.000108	0.006692	0.000000	0.000000
0.188181	0.075212	0.079395	0.059589	0.020185	0.181242	0.013484	0.017711	0.255247	0.003107	0.020287	0.022530	0.000025	0.054381	0.000707	0.000030	0.008687	0.000000	0.000000
0.914735	0.070932	0.002065	0.000469	0.000035	0.008519	0.000036	0.000895	0.000931	0.000024	0.000001	0.000000	0.000507	0.000505	0.000336	0.000007	0.000003	0.000000	0.000000
0.875374	0.058213	0.004607	0.001594	0.003101	0.010184	0.017996	0.000105	0.026623	0.000453	0.000097	0.000016	0.000447	0.000602	0.000563	0.000014	0.000009	0.000000	0.000000
0.913472	0.072388	0.000001	0.000081	0.000209	0.008143	0.001348	0.000330	0.000112	0.001390	0.000755	0.000638	0.000187	0.000316	0.000136	0.000408	0.000085	0.000000	0.000000
0.218999	0.000016	0.074296	0.039383	0.013242	0.185267	0.008789	0.033200	0.278828	0.005948	0.015186	0.080203	0.001032	0.042532	0.000958	0.001484	0.000636	0.000000	0.000000
0.894491	0.088775	0.001005	0.000083	0.000010	0.007790	0.000014	0.002212	0.001048	0.001018	0.000862	0.000009	0.000939	0.000626	0.000369	0.000034	0.000715	0.000000	0.000000
0.017674	0.027535	0.024194	0.036317	0.010918	0.229027	0.000369	0.028335	0.459989	0.017390	0.020003	0.019280	0.000102	0.075247	0.005021	0.000795	0.027804	0.000000	0.000000
0.872130	0.081517	0.000909	0.000898	0.002570	0.004454	0.000149	0.019608	0.005841	0.001498	0.004764	0.004322	0.000046	0.000911	0.000243	0.000079	0.000062	0.000000	0.000000
0.615454	0.019268	0.081271	0.030414	0.029322	0.030857	0.089708	0.002694	0.092638	0.003662	0.000021	0.000456	0.000000	0.001862	0.002135	0.000004	0.000234	0.000000	0.000000
0.889633	0.074504	0.001595	0.000535	0.001459	0.010267	0.007277	0.000188	0.008021	0.001087	0.000102	0.001080	0.000580	0.001929	0.001660	0.000052	0.000032	0.000000	0.000000
0.914411	0.069772	0.000083	0.000123	0.000985	0.007878	0.000991	0.001172	0.000421	0.001234	0.001553	0.000407	0.000130	0.000713	0.000018	0.000101	0.000006	0.000000	0.000000
0.861288	0.006455	0.001948	0.016525	0.002117	0.054516	0.000716	0.000005	0.034900	0.000281	0.002805	0.004075	0.008960	0.003654	0.001361	0.000108	0.000286	0.000000	0.000000
0.860344	0.014679	0.000196	0.006021	0.000141	0.045076	0.000049	0.000621	0.049647	0.000532	0.002755	0.003961	0.009979	0.004041	0.001612	0.000132	0.000214	0.000000	0.000000
0.748785	0.005818	0.022081	0.078197	0.015003	0.029188	0.056358	0.015647	0.007810	0.001301	0.003863	0.004922	0.002167	0.006619	0.000699	0.001407	0.000133	0.000000	0.000000
0.846209	0.000084	0.005158	0.040741	0.004827	0.023396	0.055537	0.008172	0.000295	0.000988	0.005132	0.003866	0.000711	0.003173	0.000295	0.001355	0.000060	0.000000	0.000000
0.923634	0.065023	0.000216	0.000647	0.001266	0.004844	0.000179	0.000042	0.002427	0.000827	0.000125	0.000656	0.000022	0.000007	0.000009	0.000054	0.000021	0.000000	0.000000
0.825860	0.020425	0.041779	0.018697	0.014916	0.034032	0.029578	0.000007	0.000526	0.006799	0.006275	0.000008	0.000000	0.000327	0.000038	0.000445	0.000288	0.000000	0.000000
0.205088	0.014840	0.286019	0.113328	0.088166	0.042765	0.135573	0.000689	0.067846	0.019298	0.001877	0.000729	0.003033	0.000828	0.007477	0.000054	0.012391	0.000000	0.000000
0.000780	0.033599	0.002489	0.143890	0.488914	0.041531	0.091723	0.005178	0.007741	0.013951	0.008589	0.028003	0.024952	0.062265	0.030796	0.012731	0.002869	0.000000	0.000000
0.906250	0.076093	0.000021	0.000016	0.000048	0.010025	0.001010	0.000235	0.000633	0.001973	0.001791	0.000005	0.000174	0.000283	0.000496	0.000932	0.000014	0.000000	0.000000
0.158693	0.038399	0.154259	0.077609	0.054927	0.016518	0.140936	0.061217	0.252188	0.000010	0.000702	0.000164	0.033673	0.006696	0.000797	0.001285	0.001927	0.000000	0.000000
0.788637	0.002301	0.043694	0.035319	0.019494	0.012005	0.012248	0.033801	0.019725	0.000903	0.005905	0.002548	0.010363	0.006391	0.002621	0.002523	0.001521	0.000000	0.000000
0.913461	0.032708	0.007801	0.005254	0.004225	0.008778	0.009561	0.002058	0.013298	0.000693	0.000710	0.000662	0.000238	0.000176	0.000174	0.000118	0.000085	0.000000	0.000000
0.911448	0.066874	0.000323	0.000086	0.000841	0.008854	0.005294	0.000041	0.004889	0.000526	0.000371	0.000027	0.000188	0.000120	0.000001	0.000116	0.000001	0.000000	0.000000
0.302151	0.342219	0.007627	0.149961	0.129541	0.026252	0.030954	0.001799	0.000018	0.006698	0.000003	0.000390	0.001707	0.000453	0.000205	0.000008	0.000014	0.000000	0.000000
0.293531	0.163614	0.018624	0.152146	0.125521	0.080192	0.002238	0.046474	0.013087	0.061693	0.008140	0.006484	0.017332	0.001626	0.001031	0.006541	0.001726	0.000000	0.000000
0.048717	0.022328	0.009427	0.280283	0.260159	0.002354	0.016189	0.133898	0.024743	0.000269	0.111856	0.009324	0.055045	0.010443	0.010949	0.000156	0.003858	0.000000	0.000000
0.909260	0.079126	0.001299	0.000635	0.000010	0.005932	0.000022	0.000718	0.000299	0.000801	0.000658	0.000416	0.000159	0.000283	0.000114	0.000231	0.000035	0.000000	0.000000
0.035256	0.097792	0.066113	0.175625	0.121107	0.218966	0.013760	0.033993	0.110562	0.058214	0.016316	0.013701	0.013233	0.003205	0.000543	0.018934	0.002679	0.000000	0.000000
0.004336	0.026176	0.019052	0.278583	0.183379	0.176258	0.072626	0.068648	0.020709	0.033368	0.050546	0.038836	0.011269	0.001098	0.000614	0.010584	0.003920	0.000000	0.000000
0.616102	0.038479	0.038186	0.012837	0.015972	0.015997	0.079090	0.007207	0.154862	0.000488	0.001932	0.000005	0.001076	0.005962	0.010728	0.001030	0.000048	0.000000	0.000000
0.901377	0.019233	0.004624	0.000037	0.000114	0.028138	0.000006	0.000282	0.004151	0.012721	0.010869	0.015676	0.001541	0.000116	0.000083	0.000745	0.000287	0.000000	0.000000
0.932565	0.037031	0.003286	0.000174	0.000478	0.012076	0.000726	0.000282	0.003461	0.003252	0.001450	0.003796	0.000691	0.000436	0.000226	0.000032	0.000037	0.000000	0.000000
0.917439	0.073172	0.000314	0.000103	0.000123	0.006115	0.000499	0.000402	0.000334	0.000441	0.000231	0.000297	0.000091	0.000386	0.000002	0.000048	0.000004	0.000000	0.000000
0.906496	0.070544	0.005592	0.001034	0.000115	0.011539	0.000069	0.001526	0.001277	0.000100	0.000491	0.000436	0.000361	0.000108	0.000160	0.000060	0.000091	0.000000	0.000000
0.308484	0.005903	0.129705	0.030955	0.138139	0.130159	0.180975	0.000807	0.000001	0.011274	0.005750	0.007241	0.011561	0.000075	0.038766	0.000141	0.000062	0.000000	0.000000
0.362913	0.002604	0.108232	0.025093	0.131858	0.120989	0.163026	0.000023	0.000040	0.014436	0.003579	0.014856	0.005859	0.000625	0.045782	0.000029	0.000057	0.000000	0.000000
0.809050	0.021636	0.009248	0.001652	0.034320	0.047161	0.024879	0.005332	0.015038	0.004517	0.000011	0.006978	0.002177	0.000738	0.017148	0.000000	0.000116	0.000000	0.000000
0.914543	0.073161	0.000991	0.000748	0.000249	0.007757	0.000572	0.000674	0.000354	0.000057	0.000067	0.000123	0.000318	0.000339	0.000029	0.000013	0.000006	0.000000	0.000000
0.910301	0.074939	0.000411	0.000242	0.000003	0.006963	0.000422	0.000164	0.000013	0.001179	0.000088	0.002114	0.001034	0.001881	0.000232	0.000011	0.000004	0.000000	0.000000
0.085947	0.042518	0.048913	0.002719	0.006805	0.113928	0.000448	0.002850	0.068925	0.212106	0.128514	0.246402	0.004376	0.005313	0.022175	0.007541	0.000517	0.000000	0.000000
0.922852	0.054018	0.004387	0.000780	0.001968	0.009164	0.000904	0.000002	0.004037	0.000002	0.000957	0.000001	0.000001	0.000422	0.000029	0.000368	0.000108	0.000000	0.000000
0.431571	0.134022	0.000035	0.000018	0.166544	0.004574	0.003672	0.028800	0.003787	0.114292	0.050168	0.042519	0.002800	0.001996	0.008932	0.001192	0.005078	0.000000	0.000000
0.919747	0.064792	0.002992	0.000965	0.000091	0.009671	0.000166	0.000295	0.000577	0.000078	0.000023	0.000218	0.000063	0.000139	0.000101	0.000060	0.000022	0.000000	0.000000
0.115076	0.308606	0.015156	0.319365	0.153191	0.040190	0.013548	0.014763	0.001400	0.014989	0.000654	0.000308	0.001484	0.000033	0.001185	0.000026	0.000027	0.000000	0.000000
0.183368	0.059120	0.080153	0.000346	0.004497	0.142474	0.005138	0.002389	0.108899	0.111506	0.066999	0.193921	0.026117	0.004308	0.008278	0.002210	0.000278	0.000000	0.000000
0.908525	0.080277	0.001546	0.000638	0.000003	0.005804	0.000043	0.001060	0.000190	0.000559	0.000345	0.000223	0.000193	0.000483	0.000000	0.000090	0.000019	0.000000	0.000000
0.195055	0.057218	0.081413	0.000436	0.004843	0.139558	0.004842	0.002659	0.105844	0.110764	0.065955	0.189686	0.027075	0.004568	0.007650	0.002078	0.000354	0.000000	0.000000
0.094600	0.267055	0.026283	0.349291	0.160393	0.027712	0.017115	0.013747	0.000019	0.030780	0.000106	0.006360	0.003975	0.000024	0.002363	0.000116	0.000061	0.000000	0.000000
0.032022	0.188463	0.041147	0.397778	0.157349	0.005430	0.020058	0.017792	0.006397	0.093641	0.003347	0.031657	0.003650	0.000217	0.001044	0.000005	0.000004	0.000000	0.000000
0.462320	0.056869	0.006589	0.142371	0.040422	0.157889	0.007285	0.019535	0.019903	0.006856	0.036798	0.028030	0.005050	0.000047	0.008949	0.000842	0.000243	0.000000	0.000000
0.197768	0.015693	0.070312	0.000034	0.041066	0.158456	0.000440	0.068337	0.014392	0.301463	0.010237	0.095878	0.001497	0.000002	0.013500	0.004279	0.006647	0.000000	0.000000
0.913466	0.073468	0.000800	0.000120	0.000002	0.007594	0.000059	0.000740	0.000660	0.000991	0.000549	0.000319	0.000234	0.000725	0.000088	0.000162	0.000021	0.000000	0.000000
0.910679	0.077699	0.001380	0.000324	0.000004	0.006079	0.000003	0.001050	0.000439	0.000788	0.000463	0.000271	0.000142	0.000560	0.000006	0.000092	0.000019	0.000000	0.000000
0.912967	0.075868	0.001115	0.000441	0.000003	0.006334	0.000094	0.000551	0.000164	0.000740	0.000489	0.000449	0.000168	0.000490	0.000009	0.000114	0.000003	0.000000	0.000000
0.365399	0.040069	0.000013	0.006895	0.000684	0.184336	0.010618	0.000005	0.218044	0.090492	0.002664	0.071246	0.007844	0.000487	0.000006	0.000094	0.001105	0.000000	0.000000
0.909479	0.068452	0.000341	0.000014	0.000046	0.010318	0.000561	0.002029	0.001946	0.001114	0.002035	0.000162	0.000011	0.000367	0.002352	0.000761	0.000010	0.000000	0.000000
0.472700	0.021202	0.000719	0.001928	0.001574	0.155794	0.006329	0.000317	0.176346	0.092380	0.005888	0.050243	0.009056	0.000399	0.003187	0.000968	0.000970	0.000000	0.000000
0.183353	0.116202	0.183551	0.021579	0.073829	0.002363	0.147648	0.097476	0.161938	0.000244	0.000255	0.004690	0.000360	0.000356	0.000176	0.002709	0.003271	0.000000	0.000000
0.007725	0.180192	0.068328	0.067026	0.095557	0.030915	0.047538	0.368248	0.000000	0.012793	0.007683	0.091099	0.000109	0.000078	0.003948	0.004622	0.014138	0.000000	0.000000
0.199695	0.017656	0.019771	0.064905	0.067146	0.004913	0.010970	0.369417	0.045636	0.020787	0.005115	0.127317	0.005351	0.002015	0.001875	0.010169	0.027262	0.000000	0.000000
0.851037	0.006706	0.007806	0.005324	0.020307	0.019041	0.036047	0.022327	0.011991	0.000540	0.007743	0.004520	0.003984	0.000000	0.001489	0.000560	0.000577	0.000000	0.000000
0.675010	0.042675	0.000304	0.011105	0.157240	0.000174	0.039256	0.008635	0.015925	0.044074	0.003568	0.000024	0.000658	0.000842	0.000189	0.000150	0.000172	0.000000	0.000000
0.022866	0.036191	0.002030	0.000360	0.269532	0.148274	0.265202	0.000053	0.136298	0.000734	0.019667	0.076929	0.000199	0.000374	0.003389	0.000111	0.017791	0.000000	0.000000
0.252784	0.000893	0.000044	0.006902	0.142285	0.119253	0.260780	0.001135	0.154530	0.003297	0.003950	0.005796	0.005338	0.004444	0.011752	0.006198	0.020618	0.000000	0.000000
0.317257	0.008745	0.014365	0.000043	0.246847	0.046027	0.138843	0.006091	0.062894	0.003785	0.019699	0.119628	0.002937	0.004086	0.000055	0.001774	0.006922	0.000000	0.000000
0.423418	0.097275	0.000421	0.000265	0.175327	0.128003	0.096149	0.023310	0.012449	0.018394	0.000179	0.016571	0.000789	0.001725	0.001171	0.000028	0.004528	0.000000	0.000000
0.908727	0.077248	0.000728	0.000790	0.004887	0.000222	0.002972	0.000481	0.001013	0.001838	0.000319	0.000357	0.000127	0.000237	0.000005	0.000041	0.000006	0.000000	0.000000
0.911007	0.079749	0.001545	0.000805	0.000677	0.002591	0.000397	0.000758	0.000188	0.000947	0.000385	0.000390	0.000097	0.000387	0.000013	0.000063	0.000002	0.000000	0.000000
0.574162	0.123617	0.000017	0.000228	0.104919	0.070926	0.056000	0.027899	0.006442	0.012041	0.000062	0.016280	0.000755	0.002272	0.000757	0.000054	0.003569	0.000000	0.000000
0.282139	0.088280	0.023679	0.002680	0.198830	0.023352	0.243694	0.025875	0.014306	0.000011	0.009001	0.060745	0.009609	0.014283	0.001504	0.001990	0.000022	0.000000	0.000000
0.385887	0.067389	0.007863	0.000036	0.199671	0.023966	0.182141	0.016976	0.025712	0.000235	0.007863	0.055320	0.006628	0.017063	0.000269	0.002611	0.000370	0.000000	0.000000
0.828054	0.008531	0.000020	0.000219	0.063817	0.013980	0.060123	0.000023	0.000012	0.003685	0.000019	0.013476	0.003841	0.002500	0.000000	0.001172	0.000529	0.000000	0.000000
0.927917	0.032228	0.000079	0.001214	0.023558	0.001764	0.007693	0.000189	0.002124	0.001757	0.000002	0.000029	0.000905	0.000003	0.000500	0.000037	0.000002	0.000000	0.000000
0.905971	0.081084	0.000010	0.000001	0.000027	0.006551	0.001589	0.000171	0.000482	0.001497	0.000384	0.000359	0.000393	0.000956	0.000117	0.000189	0.000220	0.000000	0.000000
0.403101	0.004545	0.003911	0.000669	0.233516	0.036366	0.002081	0.007154	0.022903	0.182174	0.056630	0.028498	0.003796	0.006468	0.004708	0.003174	0.000306	0.000000	0.000000
0.554122	0.061182	0.014239	0.000080	0.004059	0.055731	0.000580	0.003425	0.024762	0.023107	0.065524	0.053721	0.052881	0.026446	0.055978	0.001788	0.002376	0.000000	0.000000
0.456265	0.021990	0.000808	0.003240	0.017092	0.049939	0.093359	0.013137	0.002938	0.099688	0.081949	0.147003	0.000031	0.002199	0.005301	0.004548	0.000512	0.000000	0.000000
0.909335	0.040748	0.005075	0.003992	0.006206	0.001545	0.015011	0.001544	0.000618	0.005207	0.000497	0.000014	0.000001	0.000065	0.005558	0.003874	0.000709	0.000000	0.000000
0.917482	0.050510	0.001691	0.001930	0.006944	0.002043	0.007089	0.000220	0.000080	0.004639	0.000502	0.000001	0.000030	0.000005	0.003609	0.002738	0.000485	0.000000	0.000000
0.920130	0.053393	0.000267	0.000145	0.006803	0.000404	0.004040	0.000319	0.001841	0.004285	0.000942	0.000249	0.000039	0.000026	0.003953	0.002929	0.000235	0.000000	0.000000
0.917096	0.072139	0.000441	0.000220	0.000000	0.006143	0.001005	0.000121	0.000306	0.000683	0.000413	0.000586	0.000022	0.000582	0.000036	0.000204	0.000002	0.000000	0.000000
0.916842	0.072711	0.000694	0.000321	0.000001	0.006004	0.000647	0.000171	0.000112	0.000650	0.000430	0.000599	0.000022	0.000544	0.000048	0.000203	0.000000	0.000000	0.000000
0.728881	0.088873	0.001560	0.020407	0.030033	0.002409	0.000607	0.095638	0.011840	0.011825	0.005018	0.001994	0.000009	0.000463	0.000177	0.000010	0.000256	0.000000	0.000000
0.634908	0.116982	0.008260	0.042055	0.034103	0.002220	0.000407	0.114298	0.014592	0.009112	0.015002	0.003895	0.002925	0.000834	0.000006	0.000380	0.000024	0.000000	0.000000
0.634908	0.116982	0.008260	0.042055	0.034103	0.002220	0.000407	0.114298	0.014592	0.009112	0.015002	0.003895	0.002925	0.000834	0.000006	0.000380	0.000024	0.000000	0.000000
0.043770	0.305532	0.000934	0.009675	0.014128	0.066851	0.001448	0.250899	0.055053	0.030193	0.029460	0.004993	0.055016	0.058537	0.018944	0.042089	0.012478	0.000000	0.000000
0.006000	0.420829	0.000486	0.017179	0.019777	0.050181	0.001246	0.170319	0.030437	0.007749	0.016708	0.001028	0.088190	0.057887	0.030941	0.074524	0.006517	0.000000	0.000000
0.503126	0.359164	0.003793	0.001886	0.003030	0.004579	0.000207	0.000290	0.001575	0.007169	0.006539	0.001913	0.000308	0.017750	0.004777	0.001476	0.082418	0.000000	0.000000
0.440109	0.087806	0.000093	0.011666	0.002863	0.051944	0.001839	0.095027	0.015014	0.000210	0.000112	0.002823	0.068226	0.000844	0.055402	0.091981	0.074041	0.000000	0.000000
0.908387	0.080789	0.001306	0.000576	0.000017	0.005654	0.000061	0.000710	0.000062	0.000676	0.000306	0.000511	0.000244	0.000546	0.000038	0.000103	0.000014	0.000000	0.000000
0.456525	0.026944	0.002399	0.392234	0.080834	0.029195	0.004321	0.003632	0.000326	0.002755	0.000198	0.000050	0.000246	0.000007	0.000273	0.000060	0.000001	0.000000	0.000000
0.416322	0.018641	0.001057	0.460125	0.074207	0.017674	0.001365	0.008181	0.000134	0.001720	0.000098	0.000076	0.000074	0.000181	0.000130	0.000006	0.000007	0.000000	0.000000
0.267685	0.025960	0.010163	0.480502	0.000000	0.001028	0.036157	0.095427	0.025386	0.031783	0.004233	0.016835	0.000949	0.003141	0.000022	0.000714	0.000014	0.000000	0.000000
0.252776	0.001841	0.002942	0.222111	0.235849	0.070174	0.073131	0.027862	0.022825	0.069171	0.002929	0.015786	0.000279	0.001442	0.000247	0.000561	0.000076	0.000000	0.000000
0.965703	0.019939	0.000030	0.004296	0.004751	0.000146	0.000531	0.001525	0.000849	0.000788	0.000392	0.000014	0.001026	0.000002	0.000003	0.000000	0.000003	0.000000	0.000000
0.928362	0.060827	0.001087	0.002361	0.001204	0.002989	0.000054	0.000039	0.001386	0.000722	0.000417	0.000003	0.000003	0.000496	0.000028	0.000024	0.000001	0.000000	0.000000
0.042463	0.011370	0.047545	0.012483	0.244347	0.368019	0.201757	0.005703	0.000206	0.035741	0.017149	0.000539	0.001812	0.005885	0.001683	0.002273	0.001026	0.000000	0.000000
0.839872	0.152116	0.001359	0.000011	0.000025	0.002499	0.001488	0.001617	0.000056	0.000090	0.000016	0.000001	0.000774	0.000000	0.000019	0.000046	0.000010	0.000000	0.000000
0.809122	0.173632	0.004492	0.000450	0.000034	0.002753	0.004218	0.003050	0.001486	0.000006	0.000009	0.000102	0.000513	0.000003	0.000066	0.000027	0.000038	0.000000	0.000000
0.261110	0.001202	0.170211	0.066759	0.027860	0.001266	0.141150	0.034010	0.216864	0.016474	0.010023	0.016212	0.009258	0.001965	0.002794	0.001110	0.021731	0.000000	0.000000
0.271609	0.005764	0.166537	0.064930	0.027441	0.001552	0.127417	0.038028	0.199280	0.021264	0.011310	0.018435	0.008256	0.002741	0.004074	0.001852	0.029513	0.000000	0.000000
0.302151	0.175167	0.034688	0.035355	0.052917	0.360025	0.013543	0.003625	0.012304	0.004343	0.000160	0.002205	0.001165	0.000699	0.001223	0.000395	0.000036	0.000000	0.000000
0.268783	0.186215	0.031456	0.033907	0.053385	0.377218	0.024077	0.005262	0.010750	0.003580	0.000010	0.001544	0.001361	0.000485	0.000933	0.000882	0.000151	0.000000	0.000000
0.231013	0.181368	0.018176	0.024858	0.068573	0.413229	0.047705	0.003807	0.001010	0.003586	0.000311	0.001838	0.001659	0.000107	0.002122	0.000484	0.000153	0.000000	0.000000
0.227404	0.181721	0.017396	0.024220	0.069745	0.415561	0.049063	0.003768	0.000774	0.003559	0.000388	0.001906	0.001569	0.000086	0.002228	0.000451	0.000162	0.000000	0.000000
0.840159	0.092999	0.002578	0.001960	0.005655	0.000697	0.028517	0.006754	0.003862	0.007090	0.000698	0.000825	0.000088	0.003188	0.000864	0.002984	0.001082	0.000000	0.000000
0.906214	0.082503	0.000174	0.000077	0.000124	0.006111	0.001181	0.000925	0.001062	0.000693	0.000076	0.000291	0.000047	0.000424	0.000062	0.000021	0.000015	0.000000	0.000000
0.862242	0.090700	0.000142	0.000333	0.008505	0.000962	0.015801	0.006117	0.000088	0.006283	0.000108	0.000547	0.000168	0.002848	0.001107	0.003210	0.000840	0.000000	0.000000
0.682861	0.000550	0.000046	0.009937	0.031014	0.004623	0.001096	0.098124	0.020791	0.040240	0.000058	0.072813	0.006376	0.005296	0.000007	0.000220	0.025948	0.000000	0.000000
0.687687	0.000325	0.000002	0.010433	0.029683	0.005269	0.000444	0.094237	0.023207	0.038815	0.000083	0.072142	0.006734	0.004975	0.000012	0.000264	0.025688	0.000000	0.000000
0.867206	0.025794	0.001302	0.003928	0.002598	0.010153	0.002151	0.034188	0.009585	0.005383	0.002339	0.022973	0.000728	0.002888	0.000069	0.001464	0.007253	0.000000	0.000000
0.901378	0.021519	0.000107	0.004291	0.015906	0.001737	0.001010	0.002924	0.002374	0.022074	0.000654	0.014312	0.004377	0.000343	0.000140	0.003201	0.003653	0.000000	0.000000
0.911529	0.079276	0.001270	0.000630	0.000045	0.004515	0.000187	0.000697	0.000000	0.000649	0.000367	0.000351	0.000054	0.000326	0.000019	0.000082	0.000005	0.000000	0.000000
0.031192	0.020367	0.144598	0.081073	0.138598	0.165505	0.177877	0.034009	0.029848	0.054875	0.012253	0.014329	0.000000	0.000488	0.084965	0.001190	0.008833	0.000000	0.000000
0.088674	0.013318	0.126891	0.069087	0.140278	0.146334	0.154938	0.041332	0.041582	0.051043	0.012272	0.011137	0.000133	0.000236	0.090403	0.001761	0.010582	0.000000	0.000000
0.735877	0.025888	0.069081	0.062730	0.000061	0.004117	0.006664	0.009435	0.006668	0.018970	0.003958	0.003814	0.011410	0.001343	0.025648	0.006549	0.007787	0.000000	0.000000
0.616632	0.016366	0.002526	0.000017	0.117856	0.038560	0.082436	0.004253	0.065700	0.014244	0.005336	0.013846	0.004004	0.000069	0.017502	0.000331	0.000322	0.000000	0.000000
0.912711	0.078135	0.000055	0.000002	0.000540	0.001390	0.002282	0.001277	0.000029	0.001998	0.000773	0.000021	0.000004	0.000730	0.000019	0.000020	0.000012	0.000000	0.000000
0.014706	0.013740	0.158911	0.094613	0.014744	0.000132	0.113284	0.056675	0.320153	0.000254	0.000001	0.000386	0.028829	0.009989	0.171148	0.002191	0.000244	0.000000	0.000000
0.814153	0.036578	0.016701	0.006536	0.005522	0.006249	0.038658	0.003183	0.068911	0.000274	0.000002	0.000027	0.002430	0.000272	0.000427	0.000001	0.000076	0.000000	0.000000
0.883623	0.054177	0.003830	0.000895	0.002448	0.009528	0.018041	0.000806	0.024565	0.000382	0.000041	0.000246	0.001018	0.000198	0.000121	0.000042	0.000039	0.000000	0.000000
0.893164	0.063383	0.001564	0.000466	0.001656	0.008480	0.011131	0.000097	0.018267	0.000317	0.000025	0.000138	0.000292	0.000583	0.000412	0.000005	0.000019	0.000000	0.000000
0.239191	0.006249	0.039041	0.046662	0.000145	0.000646	0.002233	0.022771	0.046480	0.000003	0.003200	0.000016	0.146247	0.023273	0.414450	0.007058	0.002336	0.000000	0.000000
0.282443	0.009570	0.025446	0.038262	0.000021	0.000024	0.000003	0.019115	0.029356	0.000028	0.004903	0.000005	0.141142	0.019802	0.420253	0.007581	0.002045	0.000000	0.000000
0.659345	0.080225	0.012775	0.015002	0.039980	0.029761	0.021038	0.046865	0.000088	0.061116	0.000147	0.000189	0.023437	0.009476	0.000173	0.000350	0.000034	0.000000	0.000000
0.921642	0.061311	0.000540	0.000183	0.000000	0.011957	0.000603	0.000001	0.000864	0.000528	0.000042	0.000100	0.000104	0.000149	0.000193	0.001616	0.000167	0.000000	0.000000
0.922211	0.065959	0.000136	0.000423	0.000001	0.006470	0.001279	0.000220	0.000242	0.000732	0.000333	0.001434	0.000074	0.000264	0.000001	0.000204	0.000016	0.000000	0.000000
0.897428	0.040939	0.003148	0.000237	0.000727	0.024008	0.001664	0.000058	0.005607	0.004739	0.006422	0.006551	0.003209	0.001499	0.002993	0.000233	0.000539	0.000000	0.000000
0.002144	0.210567	0.005203	0.009939	0.047307	0.092134	0.029447	0.179561	0.108274	0.142704	0.095112	0.037984	0.004018	0.011278	0.018645	0.000308	0.005376	0.000000	0.000000
0.904965	0.053659	0.004393	0.001769	0.005609	0.007798	0.001673	0.000370	0.007489	0.001602	0.002370	0.006471	0.000389	0.000005	0.000728	0.000008	0.000702	0.000000	0.000000
0.296707	0.196218	0.006764	0.011562	0.007759	0.101658	0.005467	0.031009	0.003058	0.007819	0.014486	0.058666	0.133279	0.057057	0.060298	0.002196	0.005997	0.000000	0.000000
0.911780	0.079353	0.000926	0.000404	0.000052	0.004398	0.000325	0.000689	0.000000	0.000761	0.000462	0.000254	0.000083	0.000376	0.000013	0.000123	0.000000	0.000000	0.000000
0.679372	0.034919	0.003596	0.000120	0.004010	0.036818	0.000617	0.057579	0.007373	0.001285	0.000333	0.057073	0.041799	0.027035	0.044627	0.003440	0.000004	0.000000	0.000000
0.547645	0.288873	0.045068	0.003912	0.000038	0.022798	0.000556	0.028687	0.016542	0.003877	0.011911	0.001560	0.008625	0.001596	0.002272	0.011066	0.004973	0.000000	0.000000
0.937098	0.027740	0.000001	0.006330	0.000203	0.010983	0.010380	0.000125	0.000247	0.001828	0.004316	0.000525	0.000009	0.000000	0.000000	0.000184	0.000030	0.000000	0.000000
0.735353	0.001399	0.000009	0.005734	0.062809	0.172028	0.001132	0.001207	0.004592	0.004673	0.003618	0.001033	0.003928	0.001277	0.000116	0.000819	0.000273	0.000000	0.000000
0.899491	0.064735	0.002011	0.000488	0.000256	0.005227	0.010522	0.000273	0.000921	0.002483	0.000352	0.001010	0.001547	0.002747	0.007304	0.000616	0.000020	0.000000	0.000000
0.908103	0.066201	0.000258	0.000014	0.000007	0.009145	0.003161	0.000333	0.000379	0.001161	0.000585	0.001188	0.001830	0.002254	0.004847	0.000532	0.000001	0.000000	0.000000
0.910359	0.080628	0.000531	0.000234	0.000614	0.002244	0.001493	0.001188	0.000052	0.001459	0.000255	0.000293	0.000035	0.000478	0.000051	0.000076	0.000010	0.000000	0.000000
0.193453	0.000468	0.167275	0.078920	0.047874	0.005458	0.160351	0.020744	0.313272	0.000173	0.001396	0.000010	0.000026	0.005674	0.004750	0.000138	0.000018	0.000000	0.000000
0.914743	0.075019	0.001062	0.001313	0.000353	0.003351	0.000260	0.000542	0.000174	0.000493	0.001119	0.000664	0.000157	0.000409	0.000037	0.000274	0.000030	0.000000	0.000000
0.668542	0.024781	0.054647	0.031770	0.014872	0.011280	0.051952	0.006976	0.114114	0.000604	0.000368	0.000141	0.001576	0.007199	0.010929	0.000250	0.000001	0.000000	0.000000
0.809245	0.042384	0.020442	0.013485	0.008507	0.010304	0.019881	0.003096	0.058009	0.000416	0.000032	0.000422	0.001237	0.004512	0.007677	0.000350	0.000001	0.000000	0.000000
0.916298	0.070844	0.000001	0.000005	0.000274	0.007075	0.001779	0.000154	0.001476	0.000551	0.000265	0.000294	0.000177	0.000718	0.000035	0.000053	0.000000	0.000000	0.000000
0.911807	0.079611	0.001001	0.000449	0.000129	0.003689	0.000433	0.000841	0.000001	0.000791	0.000317	0.000299	0.000071	0.000488	0.000019	0.000049	0.000004	0.000000	0.000000
0.744029	0.030112	0.034277	0.016525	0.010336	0.006850	0.053950	0.002054	0.098694	0.000489	0.000223	0.000005	0.001205	0.000747	0.000460	0.000005	0.000037	0.000000	0.000000
0.494868	0.056435	0.095371	0.032542	0.010463	0.002874	0.000495	0.125514	0.059961	0.015834	0.087870	0.000124	0.000268	0.014223	0.000299	0.000577	0.002282	0.000000	0.000000
0.865057	0.043777	0.009731	0.006742	0.004972	0.012988	0.023850	0.000831	0.024714	0.002322	0.000138	0.000687	0.001888	0.001601	0.000186	0.000375	0.000141	0.000000	0.000000
0.913048	0.074090	0.000147	0.000026	0.000070	0.006736	0.001757	0.000256	0.001008	0.001000	0.000021	0.001053	0.000009	0.000634	0.000000	0.000146	0.000000	0.000000	0.000000
0.899796	0.052528	0.003630	0.002789	0.002835	0.010289	0.011638	0.000155	0.011526	0.001539	0.000873	0.000165	0.000763	0.001092	0.000076	0.000203	0.000103	0.000000	0.000000
0.916294	0.071356	0.000259	0.000147	0.000047	0.005479	0.000661	0.000243	0.000152	0.001566	0.001101	0.000640	0.000301	0.000777	0.000251	0.000630	0.000096	0.000000	0.000000
0.879590	0.058714	0.000236	0.000028	0.019453	0.013414	0.020103	0.000632	0.000007	0.006646	0.000578	0.000187	0.000057	0.000050	0.000158	0.000146	0.000001	0.000000	0.000000
0.879590	0.058714	0.000236	0.000028	0.019453	0.013414	0.020103	0.000632	0.000007	0.006646	0.000578	0.000187	0.000057	0.000050	0.000158	0.000146	0.000001	0.000000	0.000000
0.424926	0.080770	0.126676	0.025048	0.009211	0.006703	0.000678	0.142818	0.050493	0.020524	0.092685	0.000138	0.000618	0.015432	0.000077	0.000676	0.002528	0.000000	0.000000
0.920877	0.067793	0.000512	0.000370	0.000547	0.002495	0.001681	0.001930	0.001761	0.000347	0.000130	0.000019	0.000811	0.000635	0.000058	0.000034	0.000000	0.000000	0.000000
0.404637	0.087142	0.132940	0.024380	0.008387	0.008227	0.001223	0.142217	0.053681	0.020754	0.096025	0.000306	0.000389	0.016536	0.000074	0.000547	0.002535	0.000000	0.000000
0.017373	0.025836	0.159230	0.040455	0.006252	0.015082	0.302355	0.033198	0.373587	0.000000	0.002867	0.000797	0.020074	0.000017	0.001143	0.000371	0.001362	0.000000	0.000000
0.910893	0.079216	0.001693	0.000782	0.000040	0.004547	0.000023	0.000778	0.000060	0.000603	0.000412	0.000404	0.000091	0.000377	0.000015	0.000063	0.000003	0.000000	0.000000
0.914378	0.077250	0.001433	0.000574	0.000021	0.003796	0.000021	0.000698	0.000003	0.000564	0.000395	0.000381	0.000065	0.000354	0.000012	0.000054	0.000002	0.000000	0.000000
0.911959	0.078765	0.001667	0.000719	0.000027	0.004150	0.000015	0.000797	0.000037	0.000558	0.000409	0.000381	0.000080	0.000368	0.000013	0.000053	0.000002	0.000000	0.000000
0.912148	0.078444	0.001517	0.000617	0.000019	0.004629	0.000021	0.000718	0.000016	0.000580	0.000397	0.000390	0.000078	0.000350	0.000012	0.000060	0.000003	0.000000	0.000000
0.918558	0.073429	0.000738	0.000449	0.002514	0.000081	0.001264	0.000796	0.000031	0.001231	0.000275	0.000254	0.000020	0.000310	0.000011	0.000038	0.000001	0.000000	0.000000
0.910875	0.079604	0.001677	0.000799	0.000142	0.004028	0.000079	0.000802	0.000100	0.000647	0.000409	0.000354	0.000074	0.000341	0.000009	0.000055	0.000003	0.000000	0.000000
0.918875	0.073927	0.000798	0.000425	0.001827	0.000287	0.000920	0.000814	0.000016	0.001124	0.000277	0.000288	0.000032	0.000333	0.000016	0.000041	0.000001	0.000000	0.000000
0.031149	0.019621	0.155734	0.039257	0.011505	0.006307	0.295517	0.033359	0.381648	0.000024	0.002659	0.000649	0.019564	0.000035	0.001226	0.000345	0.001401	0.000000	0.000000
0.766899	0.022586	0.025436	0.006111	0.000309	0.000455	0.073214	0.008603	0.090832	0.000392	0.000041	0.000067	0.004010	0.000226	0.000571	0.000042	0.000205	0.000000	0.000000
0.353081	0.000484	0.101492	0.019599	0.011307	0.004087	0.231308	0.012652	0.249244	0.000057	0.000900	0.000261	0.013187	0.000224	0.000287	0.000452	0.001378	0.000000	0.000000
0.660905	0.017912	0.047830	0.005523	0.007140	0.000813	0.134179	0.003243	0.114853	0.000266	0.000071	0.000000	0.005729	0.000399	0.000003	0.000225	0.000909	0.000000	0.000000
0.871613	0.046323	0.006887	0.002124	0.000741	0.001503	0.027952	0.001055	0.038923	0.000383	0.000001	0.000029	0.001506	0.000340	0.000537	0.000000	0.000082	0.000000	0.000000
0.894166	0.059219	0.000267	0.001747	0.000002	0.011096	0.000049	0.000403	0.007372	0.005749	0.000005	0.003259	0.005831	0.003733	0.006639	0.000308	0.000152	0.000000	0.000000
0.900240	0.085629	0.000002	0.000002	0.000306	0.007388	0.001381	0.000840	0.001330	0.000882	0.000000	0.000610	0.000458	0.000818	0.000016	0.000032	0.000067	0.000000	0.000000
0.845291	0.129775	0.000127	0.000093	0.000240	0.009523	0.000012	0.001639	0.000174	0.003364	0.000369	0.000846	0.004611	0.001956	0.001828	0.000132	0.000020	0.000000	0.000000
0.879735	0.079724	0.000303	0.001903	0.005234	0.001311	0.002809	0.000004	0.002520	0.005831	0.000005	0.001496	0.008780	0.002775	0.002601	0.004572	0.000397	0.000000	0.000000
0.893762	0.084163	0.000126	0.002254	0.000662	0.004872	0.000209	0.000121	0.000700	0.002862	0.000319	0.000691	0.003673	0.001152	0.001019	0.003285	0.000130	0.000000	0.000000
0.894372	0.084069	0.000159	0.002315	0.000681	0.004773	0.000228	0.000113	0.000659	0.002750	0.000338	0.000654	0.003515	0.001138	0.000895	0.003216	0.000126	0.000000	0.000000
0.910184	0.079143	0.001734	0.000715	0.000023	0.005259	0.000015	0.000821	0.000097	0.000614	0.000382	0.000414	0.000102	0.000421	0.000003	0.000071	0.000002	0.000000	0.000000
0.909431	0.080218	0.001752	0.000739	0.000022	0.005000	0.000015	0.000876	0.000066	0.000572	0.000408	0.000362	0.000096	0.000370	0.000013	0.000057	0.000003	0.000000	0.000000
0.909709	0.077798	0.000406	0.000582	0.002075	0.001561	0.001352	0.000489	0.000772	0.001701	0.000058	0.000890	0.001222	0.001077	0.000075	0.000159	0.000074	0.000000	0.000000
0.921498	0.064058	0.000144	0.000123	0.000004	0.005792	0.003433	0.000001	0.002541	0.000933	0.000196	0.000404	0.000134	0.000610	0.000016	0.000113	0.000000	0.000000	0.000000
0.916068	0.071851	0.000047	0.000079	0.000088	0.006642	0.001685	0.000027	0.001332	0.000621	0.000276	0.000545	0.000077	0.000552	0.000005	0.000103	0.000001	0.000000	0.000000
0.915972	0.072046	0.000070	0.000101	0.000074	0.006629	0.001661	0.000026	0.001248	0.000605	0.000296	0.000530	0.000072	0.000558	0.000004	0.000109	0.000001	0.000000	0.000000
0.909788	0.079908	0.001696	0.000747	0.000022	0.005045	0.000021	0.000808	0.000059	0.000581	0.000394	0.000404	0.000094	0.000360	0.000013	0.000057	0.000003	0.000000	0.000000
0.909905	0.079844	0.001703	0.000723	0.000021	0.004976	0.000013	0.000835	0.000066	0.000584	0.000405	0.000392	0.000100	0.000362	0.000011	0.000056	0.000003	0.000000	0.000000
0.918306	0.072558	0.000620	0.000927	0.000271	0.004275	0.000389	0.000553	0.000012	0.000865	0.000320	0.000274	0.000155	0.000405	0.000005	0.000065	0.000000	0.000000	0.000000
0.916238	0.074335	0.000975	0.001068	0.000354	0.003982	0.000227	0.000751	0.000012	0.000799	0.000331	0.000246	0.000182	0.000436	0.000014	0.000052	0.000001	0.000000	0.000000
0.916339	0.074278	0.000995	0.001092	0.000352	0.003982	0.000219	0.000731	0.000011	0.000777	0.000336	0.000241	0.000170	0.000410	0.000014	0.000052	0.000000	0.000000	0.000000
0.909589	0.080009	0.001730	0.000745	0.000025	0.005012	0.000018	0.000838	0.000073	0.000592	0.000405	0.000398	0.000103	0.000388	0.000014	0.000059	0.000003	0.000000	0.000000
0.911888	0.078201	0.001285	0.000648	0.000007	0.005345	0.000071	0.000616	0.000003	0.000625	0.000399	0.000425	0.000075	0.000335	0.000004	0.000072	0.000001	0.000000	0.000000
0.911655	0.078365	0.001336	0.000668	0.000009	0.005312	0.000056	0.000638	0.000009	0.000629	0.000404	0.000428	0.000080	0.000334	0.000004	0.000073	0.000001	0.000000	0.000000
0.067699	0.065850	0.132055	0.034794	0.037514	0.000352	0.247133	0.045630	0.347527	0.000628	0.004522	0.000236	0.012811	0.000255	0.001433	0.000328	0.001235	0.000000	0.000000
0.009193	0.055466	0.149978	0.042307	0.017685	0.000897	0.256536	0.065950	0.381992	0.000408	0.005092	0.000096	0.009725	0.000561	0.002514	0.000044	0.001557	0.000000	0.000000
0.020485	0.016967	0.133517	0.051357	0.039460	0.005691	0.213263	0.036373	0.452447	0.000440	0.002218	0.001630	0.021826	0.000021	0.003118	0.000220	0.000966	0.000000	0.000000
0.679242	0.017421	0.036650	0.013150	0.012540	0.007862	0.066273	0.007687	0.151117	0.000053	0.000170	0.000031	0.005439	0.000353	0.001639	0.000031	0.000341	0.000000	0.000000
0.913441	0.072518	0.000108	0.000014	0.000024	0.004401	0.003998	0.000194	0.003081	0.000987	0.000139	0.000275	0.000028	0.000634	0.000133	0.000010	0.000016	0.000000	0.000000
0.909948	0.079797	0.001695	0.000751	0.000023	0.005018	0.000025	0.000804	0.000053	0.000576	0.000408	0.000381	0.000088	0.000361	0.000013	0.000058	0.000002	0.000000	0.000000
0.910543	0.075806	0.002675	0.001010	0.000080	0.005904	0.000044	0.000887	0.000008	0.001323	0.000395	0.000671	0.000056	0.000547	0.000000	0.000051	0.000000	0.000000	0.000000
0.810349	0.107211	0.000000	0.000080	0.000029	0.005043	0.001103	0.007181	0.000952	0.000857	0.005997	0.001461	0.029372	0.023989	0.002969	0.003098	0.000309	0.000000	0.000000
0.471674	0.005092	0.052350	0.003430	0.003464	0.000070	0.193862	0.124336	0.094511	0.012798	0.000373	0.016157	0.007890	0.000599	0.000306	0.009420	0.003670	0.000000	0.000000
0.847838	0.015820	0.014566	0.000005	0.008627	0.003756	0.067662	0.014312	0.016580	0.005188	0.000896	0.002203	0.001327	0.000029	0.000430	0.000686	0.000073	0.000000	0.000000
0.932695	0.054483	0.000271	0.001986	0.002266	0.000582	0.001274	0.000347	0.000294	0.002418	0.001053	0.001714	0.000108	0.000035	0.000233	0.000217	0.000023	0.000000	0.000000
0.916605	0.054483	0.000642	0.000213	0.003714	0.000026	0.018155	0.000440	0.002079	0.001930	0.000370	0.000625	0.000197	0.000261	0.000002	0.000167	0.000091	0.000000	0.000000
0.914970	0.076078	0.000920	0.000613	0.000037	0.004510	0.000468	0.000376	0.000010	0.000633	0.000422	0.000457	0.000056	0.000339	0.000008	0.000100	0.000004	0.000000	0.000000
0.916752	0.069105	0.000011	0.000040	0.000182	0.006457	0.002893	0.000012	0.003035	0.000507	0.000349	0.000288	0.000032	0.000225	0.000014	0.000099	0.000000	0.000000	0.000000
0.813712	0.016424	0.004983	0.000905	0.000475	0.016462	0.041929	0.044555	0.032315	0.005379	0.000206	0.011323	0.001983	0.000003	0.000035	0.006693	0.002617	0.000000	0.000000
0.899109	0.045594	0.001487	0.001630	0.001389	0.008623	0.001512	0.014751	0.001028	0.004870	0.000469	0.011156	0.000001	0.000364	0.000009	0.006015	0.001993	0.000000	0.000000
0.744621	0.074308	0.016741	0.047743	0.059930	0.007059	0.016956	0.004642	0.004202	0.003607	0.002383	0.009097	0.000092	0.004115	0.000596	0.002831	0.001079	0.000000	0.000000
0.894281	0.080627	0.007847	0.003252	0.002441	0.001669	0.002497	0.003762	0.000270	0.000539	0.000391	0.001314	0.000038	0.000143	0.000796	0.000108	0.000026	0.000000	0.000000
0.899645	0.082874	0.003576	0.003376	0.001807	0.002517	0.000917	0.002497	0.000493	0.000096	0.000093	0.000878	0.000165	0.000733	0.000252	0.000011	0.000071	0.000000	0.000000
0.907368	0.077955	0.004720	0.000654	0.000000	0.003939	0.000475	0.001496	0.000006	0.001391	0.000920	0.000662	0.000286	0.000019	0.000054	0.000028	0.000027	0.000000	0.000000
0.643151	0.016503	0.052130	0.020804	0.001698	0.000926	0.129508	0.004535	0.118636	0.002547	0.000038	0.000099	0.007827	0.000993	0.000168	0.000055	0.000383	0.000000	0.000000
0.904903	0.056344	0.002652	0.001207	0.002594	0.000036	0.022351	0.000165	0.002722	0.004276	0.000564	0.000228	0.000502	0.001247	0.000000	0.000149	0.000061	0.000000	0.000000
0.908263	0.060563	0.001763	0.000734	0.001588	0.000283	0.018112	0.000230	0.003198	0.003149	0.000463	0.000125	0.000495	0.000853	0.000005	0.000114	0.000062	0.000000	0.000000
0.914574	0.076150	0.000653	0.000331	0.000001	0.005240	0.000675	0.000496	0.000268	0.000587	0.000370	0.000301	0.000002	0.000270	0.000008	0.000075	0.000000	0.000000	0.000000
0.001202	0.027610	0.139965	0.049756	0.045756	0.013849	0.233480	0.041303	0.416954	0.002427	0.005748	0.003048	0.016260	0.000003	0.002074	0.000111	0.000456	0.000000	0.000000
0.920050	0.059948	0.003611	0.001294	0.000261	0.009519	0.000523	0.000319	0.002032	0.000686	0.000243	0.001022	0.000270	0.000132	0.000087	0.000002	0.000001	0.000000	0.000000
0.086894	0.002014	0.128460	0.044055	0.043625	0.015913	0.215103	0.027277	0.413395	0.000406	0.002903	0.001428	0.014684	0.000270	0.003200	0.000027	0.000345	0.000000	0.000000
0.270299	0.002124	0.098179	0.034482	0.035645	0.018798	0.172441	0.017086	0.333883	0.000099	0.002519	0.000862	0.009065	0.000783	0.003516	0.000038	0.000182	0.000000	0.000000
