0.000158	0.000913	0.000068	0.000048	0.001676	0.005330	0.000932	0.030020	0.000152	0.000319	0.003080	0.061883	0.000676	0.014065	0.058496	0.005788	0.038409	0.000081	0.000536
0.000073	0.000016	0.000007	0.000000	0.000000	0.000125	0.000002	0.000005	0.000132	0.000017	0.000230	0.000113	0.000004	0.000200	0.000025	0.000005	0.000002	0.000170	0.000163
0.000076	0.000020	0.000007	0.000000	0.000000	0.000108	0.000001	0.000006	0.000111	0.000009	0.000183	0.000067	0.000003	0.000181	0.000013	0.000004	0.000005	0.001188	0.000475
0.000110	0.000048	0.000002	0.000001	0.000000	0.000023	0.000000	0.000007	0.000001	0.000007	0.000005	0.000015	0.000006	0.000039	0.000005	0.000015	0.000001	0.000034	0.002688
0.000051	0.000015	0.000057	0.000026	0.000058	0.000097	0.000360	0.000021	0.001111	0.000015	0.000034	0.000001	0.000006	0.000251	0.000559	0.000021	0.000425	0.001355	0.000366
0.000051	0.000015	0.000057	0.000026	0.000058	0.000097	0.000360	0.000021	0.001111	0.000015	0.000034	0.000001	0.000006	0.000251	0.000559	0.000021	0.000425	0.001355	0.000366
0.000102	0.000045	0.000000	0.000000	0.000001	0.000027	0.000007	0.000004	0.000011	0.000009	0.000002	0.000016	0.000013	0.000071	0.000058	0.000004	0.000009	0.003657	0.000000
0.000099	0.000032	0.000001	0.000000	0.000000	0.000050	0.000001	0.000005	0.000036	0.000002	0.000004	0.000001	0.000007	0.000006	0.000020	0.000015	0.000004	0.000030	0.002647
0.000102	0.000045	0.000000	0.000000	0.000001	0.000027	0.000007	0.000004	0.000011	0.000009	0.000002	0.000016	0.000013	0.000071	0.000058	0.000004	0.000009	0.003657	0.000000
0.000102	0.000045	0.000000	0.000000	0.000001	0.000027	0.000007	0.000004	0.000011	0.000009	0.000002	0.000016	0.000013	0.000071	0.000058	0.000004	0.000009	0.003657	0.000000
0.000080	0.000019	0.000002	0.000001	0.000001	0.000093	0.000004	0.000008	0.000117	0.000029	0.000045	0.000160	0.000044	0.000007	0.000026	0.000046	0.000043	0.001230	0.000480
0.000097	0.000036	0.000001	0.000001	0.000000	0.000049	0.000000	0.000008	0.000031	0.000001	0.000002	0.000003	0.000007	0.000001	0.000010	0.000006	0.000015	0.000027	0.002605
0.000019	0.000007	0.000002	0.000003	0.000001	0.000733	0.000010	0.000086	0.001955	0.000477	0.000733	0.000445	0.000379	0.002125	0.002793	0.003775	0.008548	0.000006	0.000408
0.000084	0.000026	0.000002	0.000001	0.000004	0.000102	0.000001	0.000009	0.000074	0.000196	0.000138	0.000139	0.000022	0.000049	0.000014	0.000009	0.000000	0.001608	0.001667
0.000043	0.000001	0.000002	0.000007	0.000000	0.000349	0.000004	0.000135	0.000913	0.000006	0.001139	0.000594	0.000758	0.002003	0.002229	0.004925	0.008790	0.000043	0.001954
0.000096	0.000030	0.000002	0.000001	0.000000	0.000059	0.000001	0.000001	0.000043	0.000000	0.000004	0.000005	0.000020	0.000010	0.000002	0.000008	0.000009	0.003597	0.000002
0.000104	0.000039	0.000002	0.000001	0.000000	0.000038	0.000000	0.000003	0.000013	0.000000	0.000000	0.000003	0.000027	0.000030	0.000020	0.000001	0.000007	0.006764	0.000871
0.000028	0.000001	0.000044	0.000024	0.000066	0.000246	0.000364	0.000015	0.000239	0.000046	0.000302	0.000495	0.000231	0.000115	0.000295	0.000020	0.000435	0.011208	0.000034
0.000040	0.000005	0.000046	0.000026	0.000046	0.000181	0.000313	0.000013	0.000412	0.000001	0.000123	0.000179	0.000080	0.000066	0.000306	0.000003	0.000456	0.000011	0.002523
0.000107	0.000045	0.000000	0.000000	0.000000	0.000024	0.000003	0.000003	0.000004	0.000008	0.000007	0.000016	0.000002	0.000026	0.000000	0.000031	0.000003	0.003631	0.000000
0.000096	0.000036	0.000002	0.000002	0.000001	0.000035	0.000002	0.000005	0.000020	0.000002	0.000002	0.000001	0.000038	0.000054	0.000002	0.000001	0.000002	0.000172	0.000118
0.000074	0.000018	0.000006	0.000003	0.000001	0.000103	0.000004	0.000007	0.000181	0.000119	0.000248	0.000404	0.000140	0.000034	0.000838	0.000538	0.000121	0.001713	0.001402
0.000091	0.000036	0.000003	0.000000	0.000000	0.000059	0.000001	0.000020	0.000029	0.000000	0.000027	0.000019	0.000055	0.000029	0.000098	0.000066	0.000004	0.000038	0.002514
0.000097	0.000032	0.000001	0.000000	0.000000	0.000050	0.000002	0.000007	0.000024	0.000000	0.000000	0.000003	0.000018	0.000004	0.000003	0.000003	0.000007	0.000160	0.000113
0.000085	0.000030	0.000002	0.000000	0.000000	0.000076	0.000000	0.000002	0.000060	0.000011	0.000032	0.000107	0.000070	0.000008	0.000343	0.000059	0.000242	0.000038	0.002532
0.000074	0.000022	0.000001	0.000000	0.000001	0.000094	0.000001	0.000009	0.000170	0.000000	0.000045	0.000026	0.000141	0.000068	0.000494	0.000179	0.000036	0.000722	0.006926
0.000092	0.000033	0.000001	0.000001	0.000001	0.000046	0.000001	0.000013	0.000054	0.000003	0.000000	0.000003	0.000036	0.000028	0.000059	0.000010	0.000005	0.000171	0.000116
0.000092	0.000036	0.000002	0.000000	0.000000	0.000055	0.000000	0.000004	0.000042	0.000000	0.000011	0.000006	0.000070	0.000077	0.000264	0.000035	0.000053	0.000039	0.002569
0.000000	0.000000	0.000004	0.000009	0.000093	0.000252	0.000031	0.000426	0.001583	0.000982	0.003292	0.007547	0.001346	0.000015	0.004910	0.007324	0.000554	0.000295	0.000673
0.000059	0.000048	0.000006	0.000000	0.000004	0.000058	0.000000	0.000180	0.000055	0.000064	0.000284	0.001109	0.000149	0.000242	0.001409	0.001666	0.000134	0.000082	0.002132
0.000033	0.000030	0.000000	0.000005	0.000038	0.000009	0.000068	0.000191	0.000138	0.000000	0.000205	0.000138	0.000200	0.000242	0.000089	0.000100	0.000523	0.000734	0.007298
0.000057	0.000057	0.000000	0.000001	0.000007	0.000042	0.000003	0.000135	0.000080	0.000010	0.000081	0.000123	0.000150	0.000013	0.000367	0.000013	0.000248	0.007952	0.000904
0.000077	0.000024	0.000000	0.000000	0.000011	0.000001	0.000038	0.000023	0.000013	0.000000	0.000004	0.000013	0.000020	0.000037	0.000064	0.000004	0.000066	0.000036	0.002551
0.000110	0.000049	0.000002	0.000001	0.000000	0.000021	0.000000	0.000008	0.000001	0.000009	0.000011	0.000016	0.000008	0.000034	0.000000	0.000019	0.000001	0.000170	0.000094
0.000111	0.000049	0.000002	0.000001	0.000000	0.000021	0.000000	0.000006	0.000001	0.000009	0.000011	0.000019	0.000007	0.000034	0.000003	0.000018	0.000001	0.001196	0.000367
0.000095	0.000028	0.000002	0.000001	0.000001	0.000063	0.000001	0.000005	0.000054	0.000001	0.000005	0.000013	0.000080	0.000052	0.000126	0.000000	0.000064	0.000771	0.006714
0.000106	0.000041	0.000003	0.000001	0.000000	0.000034	0.000000	0.000005	0.000009	0.000000	0.000000	0.000004	0.000013	0.000016	0.000035	0.000000	0.000005	0.000167	0.000115
0.000077	0.000015	0.000007	0.000002	0.000003	0.000091	0.000006	0.000011	0.000183	0.000120	0.000116	0.000358	0.000056	0.000070	0.000192	0.000309	0.000001	0.001127	0.000527
0.000091	0.000029	0.000004	0.000002	0.000002	0.000049	0.000002	0.000013	0.000062	0.000028	0.000013	0.000117	0.000042	0.000063	0.000183	0.000150	0.000003	0.001135	0.000464
0.000080	0.000024	0.000000	0.000000	0.000005	0.000047	0.000009	0.000000	0.000025	0.000000	0.000013	0.000065	0.000004	0.000001	0.000027	0.000077	0.000001	0.004497	0.003961
0.000109	0.000046	0.000002	0.000001	0.000000	0.000026	0.000000	0.000004	0.000003	0.000006	0.000003	0.000022	0.000007	0.000018	0.000003	0.000008	0.000002	0.000031	0.002679
0.000104	0.000045	0.000002	0.000002	0.000001	0.000022	0.000001	0.000009	0.000007	0.000003	0.000005	0.000018	0.000003	0.000027	0.000000	0.000001	0.000000	0.007955	0.001083
0.000110	0.000047	0.000002	0.000001	0.000000	0.000022	0.000000	0.000004	0.000001	0.000006	0.000008	0.000025	0.000006	0.000026	0.000000	0.000014	0.000000	0.001204	0.000367
0.000091	0.000032	0.000000	0.000000	0.000001	0.000036	0.000004	0.000001	0.000005	0.000007	0.000001	0.000050	0.000008	0.000004	0.000006	0.000010	0.000004	0.000388	0.005170
0.000111	0.000049	0.000002	0.000001	0.000000	0.000021	0.000000	0.000006	0.000001	0.000009	0.000009	0.000021	0.000006	0.000029	0.000002	0.000019	0.000000	0.001200	0.000366
0.000103	0.000045	0.000001	0.000000	0.000000	0.000023	0.000001	0.000009	0.000000	0.000012	0.000005	0.000018	0.000003	0.000009	0.000000	0.000002	0.000007	0.006772	0.000820
0.000110	0.000048	0.000002	0.000001	0.000000	0.000021	0.000000	0.000007	0.000001	0.000007	0.000009	0.000012	0.000005	0.000032	0.000002	0.000019	0.000001	0.003670	0.000000
0.000111	0.000049	0.000002	0.000001	0.000000	0.000020	0.000000	0.000007	0.000001	0.000008	0.000010	0.000018	0.000006	0.000032	0.000003	0.000018	0.000001	0.000034	0.002702
0.000106	0.000043	0.000001	0.000001	0.000000	0.000028	0.000000	0.000002	0.000006	0.000008	0.000003	0.000050	0.000020	0.000048	0.000000	0.000006	0.000003	0.011659	0.000078
0.000109	0.000047	0.000001	0.000001	0.000000	0.000022	0.000001	0.000005	0.000000	0.000009	0.000008	0.000026	0.000004	0.000027	0.000001	0.000015	0.000000	0.000166	0.000093
0.000069	0.000039	0.000002	0.000005	0.000014	0.000024	0.000007	0.000062	0.000018	0.000023	0.000000	0.000004	0.000031	0.000007	0.000019	0.000039	0.000006	0.000435	0.005148
0.000078	0.000038	0.000002	0.000003	0.000009	0.000025	0.000010	0.000037	0.000020	0.000022	0.000000	0.000002	0.000028	0.000007	0.000066	0.000000	0.000001	0.000033	0.002726
0.000111	0.000049	0.000002	0.000001	0.000000	0.000021	0.000000	0.000007	0.000001	0.000008	0.000010	0.000019	0.000007	0.000034	0.000003	0.000017	0.000001	0.001196	0.000367
0.000109	0.000048	0.000001	0.000001	0.000000	0.000020	0.000000	0.000007	0.000001	0.000009	0.000008	0.000024	0.000007	0.000027	0.000001	0.000012	0.000001	0.001196	0.000368
0.000090	0.000039	0.000000	0.000001	0.000004	0.000023	0.000008	0.000016	0.000012	0.000013	0.000008	0.000003	0.000012	0.000000	0.000021	0.000029	0.000001	0.006789	0.000794
0.000105	0.000052	0.000001	0.000000	0.000000	0.000020	0.000000	0.000022	0.000001	0.000011	0.000004	0.000011	0.000001	0.000015	0.000002	0.000004	0.000006	0.000414	0.005134
0.000106	0.000047	0.000001	0.000001	0.000000	0.000023	0.000001	0.000006	0.000000	0.000010	0.000007	0.000017	0.000004	0.000032	0.000003	0.000006	0.000000	0.001745	0.001818
0.000101	0.000050	0.000002	0.000000	0.000000	0.000019	0.000000	0.000019	0.000001	0.000009	0.000005	0.000001	0.000005	0.000123	0.000030	0.000004	0.000005	0.000707	0.006625
0.000094	0.000039	0.000000	0.000000	0.000000	0.000039	0.000001	0.000014	0.000009	0.000006	0.000004	0.000015	0.000155	0.000187	0.000157	0.000036	0.000012	0.001151	0.000415
0.000109	0.000046	0.000002	0.000001	0.000000	0.000025	0.000000	0.000006	0.000002	0.000004	0.000005	0.000007	0.000007	0.000025	0.000006	0.000017	0.000005	0.004573	0.003884
0.000096	0.000042	0.000000	0.000000	0.000000	0.000034	0.000001	0.000014	0.000005	0.000010	0.000001	0.000030	0.000153	0.000212	0.000138	0.000034	0.000006	0.000189	0.000114
0.000065	0.000010	0.000004	0.000002	0.000009	0.000067	0.000009	0.000001	0.000011	0.000002	0.000044	0.000014	0.000009	0.000382	0.000078	0.000004	0.000066	0.000016	0.012682
0.000110	0.000048	0.000002	0.000001	0.000000	0.000022	0.000000	0.000006	0.000000	0.000007	0.000007	0.000016	0.000006	0.000033	0.000005	0.000014	0.000001	0.001747	0.001805
0.000077	0.000018	0.000001	0.000001	0.000007	0.000035	0.000004	0.000000	0.000002	0.000002	0.000007	0.000023	0.000004	0.000118	0.000064	0.000003	0.000013	0.001312	0.000386
0.000107	0.000041	0.000002	0.000001	0.000000	0.000032	0.000000	0.000001	0.000011	0.000004	0.000009	0.000008	0.000002	0.000001	0.000002	0.000051	0.000001	0.004496	0.003857
0.000095	0.000031	0.000000	0.000000	0.000002	0.000015	0.000000	0.000002	0.000001	0.000002	0.000001	0.000013	0.000000	0.000000	0.000002	0.000003	0.000002	0.000768	0.006586
0.000101	0.000046	0.000001	0.000000	0.000000	0.000027	0.000000	0.000012	0.000006	0.000013	0.000000	0.000034	0.000007	0.000000	0.000001	0.000007	0.000014	0.008054	0.001081
0.000106	0.000045	0.000001	0.000000	0.000000	0.000023	0.000002	0.000005	0.000001	0.000008	0.000006	0.000019	0.000002	0.000027	0.000003	0.000007	0.000001	0.000757	0.006530
0.000043	0.000018	0.000015	0.000000	0.000006	0.000657	0.000018	0.000132	0.001533	0.001055	0.001100	0.004463	0.000003	0.000806	0.000031	0.000760	0.000004	0.000091	0.000357
0.000107	0.000047	0.000002	0.000001	0.000000	0.000023	0.000000	0.000012	0.000003	0.000005	0.000005	0.000000	0.000007	0.000041	0.000013	0.000004	0.000000	0.001722	0.001787
0.000083	0.000000	0.000012	0.000003	0.000007	0.000272	0.000005	0.000119	0.000486	0.000389	0.000195	0.001310	0.000023	0.000332	0.000183	0.000004	0.000008	0.002519	0.003262
0.000085	0.000019	0.000003	0.000000	0.000000	0.000101	0.000002	0.000002	0.000117	0.000034	0.000086	0.000184	0.000015	0.000018	0.000010	0.000116	0.000005	0.004515	0.004211
0.000093	0.000027	0.000004	0.000000	0.000000	0.000075	0.000001	0.000008	0.000063	0.000029	0.000050	0.000192	0.000007	0.000010	0.000023	0.000082	0.000001	0.001207	0.000466
0.000105	0.000043	0.000001	0.000001	0.000000	0.000028	0.000000	0.000004	0.000007	0.000008	0.000003	0.000022	0.000011	0.000024	0.000000	0.000010	0.000002	0.001211	0.000375
0.000109	0.000045	0.000002	0.000001	0.000000	0.000026	0.000000	0.000003	0.000004	0.000006	0.000006	0.000017	0.000010	0.000034	0.000002	0.000014	0.000003	0.006774	0.000827
0.000101	0.000036	0.000002	0.000001	0.000000	0.000045	0.000000	0.000002	0.000028	0.000001	0.000001	0.000002	0.000014	0.000047	0.000039	0.000007	0.000016	0.001196	0.000407
0.000106	0.000047	0.000001	0.000001	0.000000	0.000024	0.000000	0.000009	0.000002	0.000007	0.000003	0.000014	0.000016	0.000044	0.000008	0.000001	0.000004	0.001188	0.000380
0.000070	0.000012	0.000008	0.000002	0.000023	0.000042	0.000073	0.000016	0.000040	0.000003	0.000001	0.000078	0.000013	0.000003	0.000159	0.000004	0.000004	0.002680	0.003850
0.000070	0.000013	0.000008	0.000002	0.000023	0.000041	0.000072	0.000014	0.000040	0.000003	0.000002	0.000081	0.000008	0.000001	0.000116	0.000010	0.000002	0.000132	0.000085
0.000086	0.000025	0.000000	0.000000	0.000007	0.000026	0.000007	0.000000	0.000012	0.000003	0.000003	0.000039	0.000005	0.000000	0.000104	0.000004	0.000000	0.003610	0.000000
0.000096	0.000036	0.000001	0.000000	0.000003	0.000031	0.000033	0.000000	0.000085	0.000007	0.000000	0.000016	0.000009	0.000015	0.000007	0.000008	0.000000	0.003580	0.000000
0.000110	0.000048	0.000001	0.000001	0.000000	0.000021	0.000000	0.000005	0.000000	0.000007	0.000010	0.000020	0.000005	0.000030	0.000000	0.000019	0.000001	0.002841	0.003775
0.000111	0.000048	0.000002	0.000001	0.000000	0.000021	0.000000	0.000005	0.000001	0.000008	0.000013	0.000017	0.000003	0.000025	0.000000	0.000030	0.000000	0.000002	0.012952
0.000011	0.000022	0.000082	0.000000	0.000000	0.001254	0.000010	0.000117	0.003240	0.001976	0.001270	0.016004	0.000461	0.004286	0.005300	0.002895	0.061503	0.000135	0.000103
0.000381	0.001886	0.000286	0.001052	0.000122	0.000400	0.006122	0.000585	0.012341	0.013336	0.038109	0.033075	0.002232	0.008000	0.000013	0.011316	0.005048	0.000871	0.000003
0.000047	0.001741	0.000341	0.000584	0.000002	0.000016	0.006394	0.003196	0.004442	0.012224	0.011234	0.031428	0.000037	0.001325	0.011376	0.002171	0.000003	0.003852	0.000816
0.000081	0.000017	0.000009	0.000000	0.000005	0.000076	0.000000	0.000001	0.000117	0.000137	0.000205	0.000917	0.000017	0.000013	0.000624	0.000950	0.000000	0.001685	0.001440
0.000105	0.000047	0.000002	0.000001	0.000000	0.000025	0.000000	0.000009	0.000003	0.000010	0.000007	0.000008	0.000002	0.000066	0.000006	0.000030	0.000016	0.003667	0.000000
0.000006	0.000377	0.000043	0.000510	0.000055	0.001377	0.006975	0.001034	0.000016	0.002678	0.000898	0.001880	0.001092	0.000254	0.023814	0.000580	0.000073	0.000363	0.000413
0.000098	0.000020	0.000006	0.000002	0.000001	0.000081	0.000001	0.000008	0.000070	0.000020	0.000041	0.000043	0.000000	0.000020	0.000012	0.000001	0.000002	0.000147	0.000138
0.000039	0.000023	0.000060	0.000000	0.000004	0.000667	0.000006	0.000052	0.001289	0.000455	0.000815	0.002856	0.000765	0.000284	0.000031	0.003044	0.000275	0.002466	0.002928
0.000101	0.000033	0.000005	0.000001	0.000000	0.000048	0.000000	0.000003	0.000020	0.000007	0.000000	0.000005	0.000046	0.000203	0.000012	0.000214	0.000006	0.011672	0.000081
0.000068	0.000002	0.000014	0.000001	0.000006	0.000252	0.000002	0.000065	0.000388	0.000189	0.000284	0.000659	0.000005	0.000068	0.000551	0.000015	0.000061	0.000132	0.000201
0.000105	0.000041	0.000003	0.000001	0.000000	0.000035	0.000000	0.000006	0.000010	0.000000	0.000000	0.000014	0.000008	0.000020	0.000023	0.000000	0.000007	0.000169	0.000115
0.000093	0.000046	0.000002	0.000000	0.000000	0.000041	0.000000	0.000017	0.000023	0.000027	0.000015	0.000000	0.000010	0.000150	0.000061	0.000154	0.000678	0.000193	0.000075
0.000005	0.000065	0.000002	0.000011	0.000066	0.000146	0.000007	0.000643	0.000750	0.000028	0.004710	0.001816	0.002845	0.001619	0.007572	0.015577	0.002019	0.003658	0.002780
0.000098	0.000041	0.000002	0.000000	0.000000	0.000038	0.000000	0.000015	0.000017	0.000004	0.000001	0.000007	0.000015	0.000065	0.000032	0.000004	0.000000	0.003707	0.000001
0.000009	0.000076	0.000002	0.000007	0.000063	0.000109	0.000005	0.000578	0.000583	0.000039	0.004420	0.002452	0.002699	0.001445	0.006900	0.015017	0.001963	0.000773	0.000737
0.000063	0.000026	0.000007	0.000001	0.000000	0.000082	0.000000	0.000112	0.000103	0.000062	0.000166	0.000949	0.000039	0.000270	0.000443	0.000426	0.000003	0.000610	0.007288
0.000108	0.000044	0.000002	0.000000	0.000000	0.000017	0.000001	0.000005	0.000001	0.000007	0.000005	0.000018	0.000005	0.000054	0.000004	0.000019	0.000000	0.000173	0.000098
0.000103	0.000049	0.000002	0.000001	0.000000	0.000026	0.000000	0.000012	0.000004	0.000002	0.000002	0.000005	0.000008	0.000026	0.000018	0.000003	0.000000	0.003692	0.000001
0.000076	0.000032	0.000006	0.000000	0.000000	0.000070	0.000000	0.000115	0.000058	0.000039	0.000094	0.000785	0.000025	0.000173	0.000251	0.000247	0.000026	0.001047	0.000525
0.000311	0.000000	0.000006	0.000208	0.000293	0.004036	0.000022	0.004267	0.015373	0.002157	0.141754	0.073959	0.036865	0.048751	0.007590	0.004935	0.007457	0.004916	0.000164
0.000095	0.000025	0.000006	0.000001	0.000003	0.000086	0.000000	0.000000	0.000049	0.000100	0.000044	0.000132	0.000005	0.000000	0.000167	0.000085	0.000004	0.000035	0.002416
0.000282	0.000003	0.000002	0.000209	0.000347	0.003456	0.000024	0.004532	0.013878	0.003514	0.134407	0.082804	0.036739	0.046101	0.009672	0.003215	0.007965	0.001031	0.000742
0.000003	0.000018	0.000006	0.000051	0.000007	0.000137	0.000055	0.000090	0.001359	0.000503	0.001266	0.005346	0.000170	0.000023	0.000199	0.000180	0.000024	0.000231	0.000374
0.000051	0.000000	0.000018	0.000013	0.000001	0.000034	0.000079	0.000022	0.000205	0.000226	0.000238	0.001806	0.000002	0.000225	0.000181	0.000002	0.000068	0.001024	0.000592
0.000067	0.000005	0.000015	0.000004	0.000000	0.000064	0.000030	0.000023	0.000129	0.000178	0.000158	0.001523	0.000001	0.000090	0.000087	0.000001	0.000007	0.000215	0.000205
0.000090	0.000026	0.000003	0.000000	0.000000	0.000006	0.000010	0.000006	0.000014	0.000001	0.000000	0.000001	0.000004	0.000129	0.000034	0.000014	0.000020	0.006596	0.000852
0.000026	0.000006	0.000000	0.000006	0.000002	0.000108	0.000003	0.000054	0.000549	0.000021	0.000287	0.000692	0.000283	0.000019	0.000669	0.000057	0.000201	0.000159	0.000200
0.000079	0.000048	0.000001	0.000000	0.000000	0.000048	0.000000	0.000034	0.000030	0.000000	0.000000	0.000198	0.000063	0.000018	0.000427	0.000216	0.000056	0.007999	0.001029
0.000083	0.000027	0.000001	0.000000	0.000000	0.000045	0.000002	0.000005	0.000089	0.000000	0.000009	0.000031	0.000058	0.000006	0.000000	0.000046	0.000024	0.000166	0.000130
0.000091	0.000033	0.000001	0.000000	0.000000	0.000036	0.000000	0.000011	0.000032	0.000000	0.000013	0.000000	0.000047	0.000020	0.000008	0.000026	0.000007	0.000036	0.002552
0.000086	0.000033	0.000000	0.000000	0.000000	0.000018	0.000002	0.000013	0.000029	0.000021	0.000001	0.000037	0.000004	0.000004	0.000006	0.000007	0.000004	0.000160	0.000099
0.000096	0.000038	0.000001	0.000000	0.000000	0.000011	0.000002	0.000005	0.000013	0.000017	0.000002	0.000046	0.000018	0.000015	0.000000	0.000000	0.000004	0.003644	0.000000
0.000100	0.000044	0.000001	0.000000	0.000000	0.000029	0.000000	0.000016	0.000007	0.000011	0.000001	0.000013	0.000000	0.000016	0.000002	0.000042	0.000001	0.001756	0.001796
0.000001	0.000159	0.000064	0.000008	0.000019	0.001588	0.000038	0.000655	0.004440	0.004054	0.006541	0.012506	0.000013	0.000340	0.001606	0.000094	0.001699	0.000006	0.001033
0.000066	0.000003	0.000012	0.000004	0.000000	0.000172	0.000006	0.000077	0.000332	0.000068	0.000216	0.000036	0.000049	0.000053	0.000000	0.000581	0.000115	0.000108	0.000144
0.000108	0.000042	0.000003	0.000003	0.000000	0.000024	0.000001	0.000002	0.000008	0.000000	0.000005	0.000006	0.000004	0.000024	0.000003	0.000016	0.000001	0.001758	0.001783
0.000098	0.000029	0.000007	0.000001	0.000000	0.000049	0.000001	0.000001	0.000023	0.000016	0.000000	0.000030	0.000075	0.000244	0.000044	0.001113	0.000024	0.001820	0.001860
0.000084	0.000023	0.000004	0.000001	0.000000	0.000088	0.000000	0.000001	0.000091	0.000038	0.000105	0.000073	0.000044	0.000002	0.000094	0.000002	0.000010	0.000803	0.006950
0.000111	0.000044	0.000002	0.000001	0.000000	0.000028	0.000000	0.000000	0.000006	0.000009	0.000013	0.000029	0.000002	0.000017	0.000000	0.000012	0.000000	0.002444	0.010896
0.000108	0.000043	0.000002	0.000003	0.000000	0.000021	0.000001	0.000000	0.000004	0.000004	0.000011	0.000038	0.000003	0.000055	0.000002	0.000000	0.000001	0.002837	0.003757
0.000106	0.000046	0.000002	0.000000	0.000000	0.000019	0.000000	0.000010	0.000002	0.000009	0.000005	0.000014	0.000000	0.000022	0.000000	0.000032	0.000002	0.002397	0.010851
0.000097	0.000028	0.000005	0.000002	0.000001	0.000070	0.000001	0.000003	0.000044	0.000020	0.000038	0.000079	0.000015	0.000015	0.000106	0.000003	0.000080	0.001223	0.000432
0.000107	0.000042	0.000001	0.000001	0.000000	0.000024	0.000002	0.000001	0.000000	0.000008	0.000011	0.000023	0.000000	0.000027	0.000004	0.000036	0.000000	0.000030	0.002728
0.000109	0.000045	0.000001	0.000001	0.000000	0.000023	0.000002	0.000002	0.000001	0.000008	0.000009	0.000023	0.000001	0.000029	0.000001	0.000022	0.000000	0.000031	0.002719
0.000111	0.000046	0.000002	0.000001	0.000000	0.000021	0.000000	0.000004	0.000002	0.000009	0.000014	0.000024	0.000001	0.000034	0.000001	0.000041	0.000000	0.003651	0.000000
0.000111	0.000049	0.000002	0.000001	0.000000	0.000021	0.000000	0.000006	0.000001	0.000008	0.000010	0.000018	0.000006	0.000034	0.000003	0.000019	0.000001	0.006749	0.000817
0.000111	0.000049	0.000002	0.000001	0.000000	0.000021	0.000000	0.000007	0.000001	0.000008	0.000009	0.000014	0.000006	0.000032	0.000002	0.000015	0.000002	0.003668	0.000000
0.000111	0.000049	0.000002	0.000001	0.000000	0.000020	0.000000	0.000006	0.000001	0.000008	0.000010	0.000019	0.000006	0.000035	0.000003	0.000017	0.000001	0.000034	0.002703
0.000065	0.000016	0.000015	0.000002	0.000000	0.000159	0.000002	0.000010	0.000201	0.000392	0.000665	0.001339	0.000137	0.000034	0.001083	0.000904	0.000062	0.006607	0.001278
0.000101	0.000051	0.000003	0.000001	0.000000	0.000029	0.000000	0.000015	0.000004	0.000001	0.000000	0.000029	0.000000	0.000069	0.000027	0.000062	0.000010	0.004680	0.003991
0.000046	0.000000	0.000005	0.000002	0.000000	0.000311	0.000001	0.000095	0.000704	0.000214	0.000297	0.000922	0.000017	0.000380	0.000063	0.002223	0.003176	0.008876	0.004100
0.000096	0.000035	0.000002	0.000001	0.000000	0.000037	0.000001	0.000010	0.000026	0.000000	0.000005	0.000011	0.000011	0.000005	0.000001	0.000003	0.000008	0.000167	0.000120
0.000077	0.000013	0.000005	0.000008	0.000001	0.000147	0.000000	0.000116	0.000184	0.000021	0.000056	0.000108	0.000016	0.000085	0.000149	0.003238	0.003169	0.003739	0.004360
0.000094	0.000023	0.000002	0.000000	0.000000	0.000058	0.000000	0.000005	0.000073	0.000005	0.000001	0.000048	0.000010	0.000000	0.000010	0.000002	0.000001	0.006772	0.000903
0.000106	0.000049	0.000002	0.000001	0.000000	0.000026	0.000000	0.000010	0.000002	0.000002	0.000009	0.000014	0.000009	0.000027	0.000003	0.000012	0.000000	0.000036	0.002679
0.000111	0.000049	0.000002	0.000001	0.000000	0.000021	0.000000	0.000007	0.000001	0.000008	0.000009	0.000016	0.000007	0.000038	0.000003	0.000018	0.000001	0.001194	0.000369
0.000110	0.000047	0.000002	0.000001	0.000000	0.000022	0.000000	0.000006	0.000001	0.000009	0.000010	0.000016	0.000000	0.000027	0.000013	0.000054	0.000000	0.001756	0.001826
0.000106	0.000043	0.000001	0.000000	0.000000	0.000020	0.000001	0.000003	0.000002	0.000008	0.000008	0.000020	0.000000	0.000025	0.000000	0.000031	0.000000	0.001209	0.000360
0.000098	0.000032	0.000002	0.000000	0.000000	0.000043	0.000000	0.000004	0.000020	0.000002	0.000001	0.000033	0.000030	0.000048	0.000016	0.000002	0.000014	0.000173	0.000125
0.000024	0.001937	0.000247	0.000922	0.000163	0.000733	0.013287	0.003387	0.001880	0.011249	0.011250	0.008344	0.001620	0.006617	0.000079	0.000007	0.000138	0.006966	0.003311
0.000045	0.000063	0.000071	0.000000	0.000013	0.000785	0.000000	0.000197	0.001734	0.002245	0.001969	0.008417	0.000363	0.000669	0.001017	0.000213	0.000008	0.002408	0.002482
0.000070	0.000013	0.000002	0.000000	0.000001	0.000058	0.000025	0.000004	0.000160	0.000030	0.000739	0.000099	0.000000	0.000450	0.000109	0.000904	0.000277	0.002616	0.003162
0.000104	0.000036	0.000002	0.000001	0.000000	0.000029	0.000000	0.000002	0.000017	0.000006	0.000004	0.000030	0.000001	0.000047	0.000004	0.000045	0.000005	0.003644	0.000000
0.000111	0.000049	0.000002	0.000001	0.000000	0.000021	0.000000	0.000006	0.000001	0.000009	0.000010	0.000020	0.000006	0.000034	0.000002	0.000020	0.000001	0.003663	0.000000
0.000111	0.000047	0.000002	0.000001	0.000000	0.000022	0.000000	0.000006	0.000002	0.000005	0.000008	0.000010	0.000003	0.000030	0.000001	0.000019	0.000000	0.001197	0.000370
0.000107	0.000040	0.000002	0.000001	0.000000	0.000028	0.000000	0.000002	0.000010	0.000009	0.000004	0.000045	0.000000	0.000046	0.000000	0.000040	0.000003	0.003640	0.000000
0.000109	0.000047	0.000002	0.000001	0.000000	0.000020	0.000000	0.000007	0.000001	0.000009	0.000011	0.000016	0.000004	0.000040	0.000001	0.000020	0.000001	0.000035	0.002701
0.000005	0.000525	0.000072	0.000773	0.000186	0.002800	0.011748	0.001146	0.000246	0.002031	0.000633	0.000003	0.000140	0.000385	0.000553	0.000628	0.000003	0.004382	0.000146
0.000095	0.000027	0.000008	0.000000	0.000002	0.000065	0.000001	0.000003	0.000027	0.000011	0.000010	0.000006	0.000003	0.000001	0.000003	0.000006	0.000016	0.000167	0.000121
0.000109	0.000046	0.000002	0.000001	0.000000	0.000024	0.000000	0.000005	0.000004	0.000008	0.000008	0.000021	0.000010	0.000036	0.000001	0.000024	0.000003	0.000166	0.000097
0.000105	0.000043	0.000003	0.000001	0.000000	0.000032	0.000000	0.000007	0.000006	0.000000	0.000000	0.000001	0.000017	0.000042	0.000044	0.000001	0.000010	0.001736	0.001733
0.000097	0.000028	0.000002	0.000000	0.000000	0.000008	0.000002	0.000000	0.000017	0.000001	0.000003	0.000015	0.000004	0.000003	0.000001	0.000014	0.000006	0.005658	0.008237
0.000107	0.000040	0.000002	0.000001	0.000000	0.000017	0.000001	0.000003	0.000003	0.000002	0.000005	0.000010	0.000007	0.000026	0.000005	0.000009	0.000001	0.002390	0.010798
0.000107	0.000043	0.000001	0.000001	0.000001	0.000013	0.000000	0.000004	0.000004	0.000009	0.000009	0.000021	0.000007	0.000018	0.000000	0.000023	0.000002	0.001206	0.000364
0.000110	0.000049	0.000002	0.000001	0.000000	0.000021	0.000000	0.000008	0.000001	0.000008	0.000007	0.000019	0.000007	0.000031	0.000002	0.000012	0.000001	0.000169	0.000096
0.000273	0.005611	0.000000	0.008442	0.003083	0.042670	0.099744	0.006118	0.003533	0.007019	0.001416	0.001957	0.000412	0.013589	0.004962	0.013261	0.001170	0.001473	0.001316
0.000057	0.000001	0.000000	0.000026	0.000001	0.000226	0.000156	0.000002	0.000006	0.000002	0.000000	0.000028	0.000001	0.000079	0.000000	0.000074	0.000000	0.000055	0.002653
0.000104	0.000043	0.000002	0.000001	0.000000	0.000028	0.000000	0.000008	0.000009	0.000004	0.000000	0.000005	0.000016	0.000046	0.000014	0.000000	0.000002	0.003679	0.000001
0.000021	0.000300	0.000011	0.000937	0.000365	0.005574	0.014382	0.000642	0.001329	0.000526	0.000110	0.000457	0.000080	0.000572	0.003391	0.000289	0.000899	0.000573	0.000263
0.000078	0.000010	0.000001	0.000000	0.000002	0.000023	0.000006	0.000001	0.000090	0.000018	0.000021	0.000013	0.000019	0.000001	0.000000	0.000020	0.000021	0.003621	0.000006
0.000096	0.000026	0.000004	0.000000	0.000000	0.000032	0.000002	0.000001	0.000019	0.000013	0.000013	0.000047	0.000012	0.000016	0.000039	0.000004	0.000016	0.001193	0.000445
0.000092	0.000025	0.000000	0.000000	0.000001	0.000014	0.000000	0.000000	0.000035	0.000005	0.000005	0.000056	0.000012	0.000000	0.000018	0.000004	0.000003	0.003617	0.000000
0.000096	0.000039	0.000001	0.000000	0.000000	0.000035	0.000001	0.000009	0.000006	0.000005	0.000001	0.000006	0.000018	0.000027	0.000000	0.000001	0.000005	0.000168	0.000108
0.000068	0.000020	0.000002	0.000001	0.000006	0.000012	0.000006	0.000002	0.000013	0.000027	0.000008	0.000244	0.000085	0.000003	0.000087	0.000097	0.000050	0.000027	0.002655
0.000104	0.000045	0.000001	0.000001	0.000000	0.000024	0.000001	0.000007	0.000007	0.000009	0.000005	0.000038	0.000016	0.000027	0.000000	0.000004	0.000005	0.004575	0.003873
0.000074	0.000023	0.000001	0.000001	0.000003	0.000009	0.000003	0.000002	0.000004	0.000026	0.000003	0.000189	0.000059	0.000001	0.000060	0.000056	0.000034	0.000154	0.000100
0.000110	0.000049	0.000002	0.000001	0.000000	0.000021	0.000000	0.000007	0.000000	0.000009	0.000009	0.000020	0.000006	0.000031	0.000002	0.000015	0.000001	0.000168	0.000095
0.000106	0.000046	0.000002	0.000001	0.000000	0.000027	0.000000	0.000007	0.000004	0.000008	0.000002	0.000016	0.000003	0.000029	0.000001	0.000024	0.000001	0.007996	0.001094
0.000105	0.000045	0.000001	0.000001	0.000000	0.000020	0.000000	0.000006	0.000002	0.000006	0.000003	0.000022	0.000008	0.000019	0.000000	0.000004	0.000003	0.001748	0.001792
0.000066	0.000012	0.000001	0.000001	0.000001	0.000095	0.000000	0.000004	0.000161	0.000030	0.000135	0.000207	0.000071	0.000009	0.000081	0.000285	0.000142	0.001742	0.001482
0.000111	0.000047	0.000002	0.000001	0.000000	0.000023	0.000000	0.000005	0.000002	0.000007	0.000009	0.000019	0.000006	0.000033	0.000002	0.000022	0.000002	0.001203	0.000369
0.000098	0.000038	0.000002	0.000001	0.000000	0.000044	0.000000	0.000004	0.000024	0.000000	0.000002	0.000006	0.000032	0.000057	0.000061	0.000001	0.000041	0.000404	0.005311
0.000102	0.000041	0.000001	0.000000	0.000000	0.000031	0.000000	0.000008	0.000012	0.000006	0.000006	0.000006	0.000011	0.000022	0.000003	0.000017	0.000008	0.016857	0.001471
0.000104	0.000041	0.000002	0.000001	0.000000	0.000035	0.000000	0.000008	0.000010	0.000001	0.000000	0.000000	0.000012	0.000025	0.000006	0.000002	0.000005	0.001193	0.000400
0.000093	0.000032	0.000001	0.000000	0.000000	0.000026	0.000001	0.000006	0.000011	0.000000	0.000005	0.000002	0.000012	0.000012	0.000006	0.000039	0.000010	0.000175	0.000124
0.000109	0.000048	0.000002	0.000001	0.000000	0.000022	0.000000	0.000007	0.000002	0.000007	0.000008	0.000013	0.000006	0.000028	0.000000	0.000008	0.000002	0.001195	0.000372
0.000095	0.000033	0.000001	0.000000	0.000000	0.000023	0.000001	0.000006	0.000008	0.000000	0.000003	0.000000	0.000013	0.000016	0.000014	0.000022	0.000008	0.004621	0.004008
0.000200	0.005682	0.000079	0.009412	0.001992	0.053596	0.113297	0.006223	0.004131	0.001848	0.000921	0.003658	0.013840	0.004690	0.000034	0.004150	0.014927	0.001131	0.001871
0.000033	0.000055	0.000002	0.000169	0.000002	0.000992	0.001983	0.000365	0.000003	0.000002	0.000274	0.000228	0.000173	0.000156	0.000772	0.000545	0.000873	0.005269	0.007935
0.000097	0.000046	0.000002	0.000000	0.000000	0.000006	0.000003	0.000025	0.000001	0.000010	0.000009	0.000000	0.000013	0.000107	0.000049	0.000004	0.000001	0.000195	0.000102
0.000046	0.000059	0.000010	0.000248	0.000090	0.000807	0.002788	0.000035	0.000005	0.000005	0.000395	0.000269	0.004130	0.000703	0.003111	0.002909	0.000713	0.001028	0.000294
0.000108	0.000045	0.000002	0.000000	0.000000	0.000014	0.000001	0.000005	0.000000	0.000009	0.000009	0.000026	0.000007	0.000042	0.000005	0.000021	0.000000	0.000172	0.000095
0.000001	0.000015	0.000036	0.000036	0.000186	0.000005	0.000171	0.000402	0.000950	0.000340	0.000134	0.001632	0.000579	0.003266	0.000080	0.000139	0.000171	0.004863	0.000050
0.000047	0.000000	0.000011	0.000013	0.000025	0.000006	0.000132	0.000025	0.000170	0.000105	0.000012	0.000088	0.000030	0.000372	0.000152	0.000106	0.000134	0.000007	0.012198
0.000084	0.000013	0.000005	0.000006	0.000002	0.000000	0.000067	0.000010	0.000014	0.000002	0.000000	0.000019	0.000002	0.000056	0.000044	0.000003	0.000008	0.000053	0.002550
0.000068	0.000010	0.000006	0.000000	0.000012	0.000002	0.000009	0.000020	0.000103	0.000036	0.000000	0.000001	0.000003	0.000312	0.000055	0.000058	0.000061	0.000243	0.000133
0.000104	0.000046	0.000002	0.000001	0.000000	0.000021	0.000000	0.000007	0.000003	0.000007	0.000007	0.000003	0.000013	0.000064	0.000003	0.000006	0.000005	0.002883	0.003755
0.000069	0.000030	0.000004	0.000004	0.000002	0.000037	0.000015	0.000067	0.000051	0.000012	0.000004	0.000093	0.000096	0.000473	0.000013	0.000094	0.000069	0.003034	0.003593
0.000103	0.000048	0.000002	0.000000	0.000000	0.000017	0.000002	0.000016	0.000001	0.000004	0.000031	0.000016	0.000000	0.000051	0.000014	0.000000	0.000000	0.000190	0.000099
0.000096	0.000035	0.000003	0.000001	0.000001	0.000019	0.000003	0.000038	0.000013	0.000032	0.000023	0.000003	0.000055	0.000166	0.000031	0.000174	0.000018	0.000193	0.000086
0.000089	0.000045	0.000003	0.000000	0.000000	0.000044	0.000000	0.000010	0.000018	0.000003	0.000004	0.000046	0.000009	0.000179	0.000002	0.000021	0.000211	0.001745	0.001670
0.000094	0.000039	0.000002	0.000005	0.000015	0.000005	0.000005	0.000014	0.000021	0.000001	0.000030	0.000073	0.000001	0.000180	0.000025	0.000000	0.000040	0.001118	0.000352
0.000101	0.000044	0.000002	0.000000	0.000000	0.000021	0.000000	0.000011	0.000004	0.000004	0.000000	0.000006	0.000016	0.000056	0.000011	0.000000	0.000004	0.000178	0.000107
0.000031	0.000738	0.000015	0.001195	0.000219	0.007407	0.010991	0.000031	0.000043	0.000822	0.000318	0.000126	0.000439	0.000142	0.001282	0.003006	0.001099	0.000895	0.000387
0.000019	0.000052	0.000024	0.000149	0.000180	0.001063	0.002472	0.000002	0.000002	0.000449	0.000008	0.000153	0.000093	0.000337	0.000241	0.000354	0.000453	0.001613	0.009778
0.000077	0.000003	0.000010	0.000002	0.000061	0.000137	0.000289	0.000007	0.000000	0.000027	0.000054	0.000209	0.000055	0.000201	0.000000	0.000026	0.000349	0.000078	0.002692
0.000099	0.000044	0.000002	0.000000	0.000000	0.000015	0.000000	0.000014	0.000003	0.000006	0.000005	0.000006	0.000007	0.000098	0.000013	0.000001	0.000004	0.000438	0.005146
0.000078	0.000011	0.000005	0.000021	0.000008	0.000041	0.000306	0.000016	0.000009	0.000010	0.000000	0.000053	0.000000	0.000060	0.000120	0.000038	0.000004	0.000254	0.000147
0.000083	0.000014	0.000003	0.000010	0.000001	0.000035	0.000174	0.000004	0.000001	0.000002	0.000000	0.000000	0.000007	0.000028	0.000125	0.000012	0.000001	0.000060	0.002541
0.000098	0.000030	0.000004	0.000001	0.000000	0.000032	0.000000	0.000003	0.000026	0.000006	0.000000	0.000027	0.000004	0.000022	0.000014	0.000006	0.000000	0.007962	0.001028
0.000028	0.000010	0.000000	0.000099	0.000002	0.000663	0.000629	0.000005	0.000041	0.000000	0.000009	0.000010	0.000020	0.000014	0.000229	0.000214	0.000085	0.001377	0.001679
0.000097	0.000029	0.000001	0.000000	0.000009	0.000007	0.000001	0.000005	0.000005	0.000015	0.000007	0.000025	0.000000	0.000017	0.000019	0.000018	0.000000	0.003718	0.000000
0.000075	0.000012	0.000001	0.000008	0.000000	0.000018	0.000087	0.000004	0.000011	0.000000	0.000003	0.000022	0.000003	0.000008	0.000056	0.000019	0.000009	0.004784	0.003993
0.000109	0.000053	0.000002	0.000001	0.000000	0.000018	0.000000	0.000021	0.000000	0.000008	0.000012	0.000001	0.000003	0.000038	0.000004	0.000007	0.000003	0.001710	0.001801
0.000111	0.000049	0.000002	0.000001	0.000000	0.000021	0.000000	0.000007	0.000001	0.000008	0.000009	0.000018	0.000008	0.000036	0.000004	0.000016	0.000001	0.002850	0.003763
0.000085	0.000017	0.000001	0.000003	0.000001	0.000008	0.000045	0.000003	0.000007	0.000005	0.000015	0.000019	0.000002	0.000057	0.000012	0.000000	0.000017	0.000463	0.005138
0.000088	0.000022	0.000001	0.000003	0.000000	0.000005	0.000048	0.000004	0.000001	0.000007	0.000003	0.000030	0.000001	0.000040	0.000018	0.000000	0.000001	0.000047	0.002647
0.000105	0.000040	0.000002	0.000000	0.000000	0.000005	0.000004	0.000005	0.000000	0.000008	0.000009	0.000026	0.000005	0.000028	0.000003	0.000016	0.000000	0.001722	0.001806
0.000089	0.000024	0.000001	0.000002	0.000001	0.000006	0.000029	0.000003	0.000011	0.000005	0.000001	0.000047	0.000020	0.000032	0.000026	0.000006	0.000000	0.003737	0.000002
0.000098	0.000030	0.000002	0.000001	0.000000	0.000000	0.000024	0.000003	0.000000	0.000005	0.000007	0.000025	0.000001	0.000022	0.000010	0.000007	0.000001	0.001155	0.000377
0.000102	0.000036	0.000002	0.000000	0.000000	0.000001	0.000009	0.000004	0.000000	0.000009	0.000009	0.000026	0.000003	0.000031	0.000010	0.000007	0.000001	0.000180	0.000097
0.000102	0.000036	0.000002	0.000000	0.000000	0.000001	0.000009	0.000004	0.000000	0.000009	0.000009	0.000026	0.000003	0.000031	0.000010	0.000007	0.000001	0.000180	0.000097
0.000059	0.000001	0.000002	0.000036	0.000000	0.000130	0.000346	0.000000	0.000002	0.000000	0.000000	0.000011	0.000004	0.000009	0.000014	0.000017	0.000000	0.003102	0.003569
0.000108	0.000041	0.000002	0.000000	0.000000	0.000009	0.000002	0.000003	0.000001	0.000008	0.000014	0.000025	0.000002	0.000023	0.000003	0.000035	0.000001	0.000171	0.000093
0.000095	0.000032	0.000002	0.000000	0.000000	0.000003	0.000017	0.000007	0.000003	0.000000	0.000002	0.000000	0.000000	0.000028	0.000002	0.000001	0.000018	0.001154	0.000403
0.000100	0.000035	0.000001	0.000000	0.000000	0.000001	0.000015	0.000006	0.000000	0.000006	0.000006	0.000017	0.000005	0.000027	0.000010	0.000003	0.000002	0.006655	0.000836
0.000104	0.000044	0.000002	0.000000	0.000000	0.000013	0.000001	0.000009	0.000002	0.000006	0.000002	0.000019	0.000006	0.000038	0.000004	0.000002	0.000001	0.001175	0.000379
0.000108	0.000043	0.000002	0.000000	0.000000	0.000011	0.000002	0.000005	0.000000	0.000007	0.000009	0.000025	0.000005	0.000036	0.000006	0.000014	0.000001	0.000174	0.000097
0.000107	0.000044	0.000002	0.000000	0.000000	0.000013	0.000001	0.000007	0.000001	0.000008	0.000011	0.000019	0.000005	0.000047	0.000002	0.000020	0.000000	0.001177	0.000370
0.000098	0.000028	0.000002	0.000000	0.000000	0.000000	0.000017	0.000000	0.000001	0.000008	0.000011	0.000048	0.000003	0.000014	0.000004	0.000013	0.000000	0.001174	0.000366
0.000101	0.000031	0.000001	0.000000	0.000000	0.000000	0.000012	0.000001	0.000000	0.000009	0.000010	0.000039	0.000004	0.000009	0.000008	0.000009	0.000000	0.003695	0.000000
0.000098	0.000035	0.000000	0.000000	0.000000	0.000022	0.000000	0.000005	0.000018	0.000021	0.000010	0.000056	0.000002	0.000006	0.000024	0.000042	0.000002	0.001779	0.001831
0.000054	0.000001	0.000005	0.000005	0.000000	0.000046	0.000009	0.000044	0.000482	0.000001	0.000002	0.000032	0.000032	0.000171	0.000309	0.000210	0.000111	0.001786	0.001725
0.000110	0.000048	0.000002	0.000001	0.000000	0.000021	0.000000	0.000006	0.000002	0.000008	0.000011	0.000020	0.000007	0.000034	0.000003	0.000020	0.000002	0.001197	0.000369
0.000078	0.000011	0.000001	0.000001	0.000007	0.000031	0.000019	0.000012	0.000002	0.000002	0.000002	0.000001	0.000036	0.000069	0.000250	0.000002	0.000008	0.001307	0.000366
0.000101	0.000039	0.000001	0.000001	0.000000	0.000014	0.000000	0.000004	0.000007	0.000007	0.000011	0.000020	0.000006	0.000023	0.000014	0.000005	0.000000	0.000169	0.000094
0.000104	0.000039	0.000002	0.000001	0.000000	0.000026	0.000000	0.000004	0.000006	0.000000	0.000000	0.000000	0.000009	0.000014	0.000002	0.000000	0.000000	0.001195	0.000398
0.000109	0.000045	0.000001	0.000001	0.000000	0.000022	0.000000	0.000004	0.000003	0.000010	0.000017	0.000019	0.000002	0.000016	0.000003	0.000049	0.000003	0.001214	0.000362
0.000095	0.000027	0.000000	0.000000	0.000002	0.000030	0.000018	0.000004	0.000030	0.000004	0.000001	0.000026	0.000027	0.000012	0.000045	0.000032	0.000008	0.000136	0.000083
0.000110	0.000047	0.000001	0.000001	0.000000	0.000021	0.000000	0.000005	0.000001	0.000009	0.000009	0.000028	0.000003	0.000015	0.000001	0.000024	0.000001	0.002825	0.003778
0.000097	0.000029	0.000000	0.000000	0.000002	0.000030	0.000017	0.000002	0.000031	0.000003	0.000001	0.000016	0.000019	0.000002	0.000018	0.000026	0.000008	0.000022	0.002763
0.000033	0.000017	0.000009	0.000029	0.000034	0.000071	0.000029	0.000039	0.000067	0.000002	0.000565	0.000003	0.000008	0.000082	0.000038	0.000471	0.000030	0.000038	0.002397
0.000096	0.000033	0.000000	0.000000	0.000003	0.000027	0.000011	0.000000	0.000031	0.000002	0.000000	0.000008	0.000004	0.000028	0.000000	0.000020	0.000000	0.002796	0.003787
0.000102	0.000040	0.000001	0.000000	0.000000	0.000023	0.000001	0.000003	0.000000	0.000004	0.000003	0.000012	0.000002	0.000037	0.000000	0.000027	0.000002	0.000032	0.002686
0.000109	0.000048	0.000001	0.000001	0.000000	0.000021	0.000000	0.000005	0.000000	0.000008	0.000008	0.000019	0.000004	0.000033	0.000001	0.000014	0.000001	0.000033	0.002704
0.000107	0.000047	0.000001	0.000001	0.000000	0.000023	0.000000	0.000008	0.000001	0.000008	0.000004	0.000014	0.000009	0.000044	0.000009	0.000005	0.000003	0.000035	0.002674
0.000109	0.000047	0.000001	0.000001	0.000000	0.000022	0.000000	0.000006	0.000000	0.000008	0.000006	0.000021	0.000004	0.000025	0.000002	0.000012	0.000001	0.000166	0.000096
0.000057	0.000050	0.000000	0.000004	0.000006	0.000069	0.000007	0.000110	0.000002	0.000023	0.000297	0.000011	0.000096	0.000087	0.000014	0.000228	0.000033	0.000187	0.000148
0.000136	0.002644	0.000000	0.004633	0.000589	0.030449	0.053833	0.002949	0.005547	0.004233	0.000073	0.002014	0.002067	0.005272	0.007341	0.011347	0.008842	0.000786	0.000651
0.000048	0.001769	0.000010	0.003328	0.000796	0.020377	0.046787	0.002649	0.005121	0.004537	0.000109	0.001586	0.001617	0.005209	0.007433	0.012707	0.009826	0.000266	0.001162
0.000011	0.001320	0.000028	0.002501	0.000730	0.015135	0.040723	0.002538	0.004323	0.004283	0.000040	0.001645	0.001427	0.005397	0.010677	0.014360	0.009422	0.000731	0.001366
0.000097	0.000043	0.000001	0.000000	0.000001	0.000000	0.000002	0.000031	0.000000	0.000010	0.000013	0.000000	0.000002	0.000052	0.000012	0.000000	0.000001	0.000455	0.005114
0.000094	0.000039	0.000000	0.000000	0.000001	0.000003	0.000002	0.000009	0.000000	0.000003	0.000016	0.000028	0.000034	0.000099	0.000047	0.000001	0.000006	0.000443	0.005124
0.000105	0.000040	0.000000	0.000000	0.000000	0.000014	0.000000	0.000002	0.000003	0.000007	0.000011	0.000020	0.000001	0.000018	0.000000	0.000021	0.000000	0.001203	0.000361
0.000096	0.000031	0.000002	0.000000	0.000000	0.000000	0.000017	0.000000	0.000001	0.000007	0.000022	0.000027	0.000000	0.000025	0.000004	0.000026	0.000019	0.000176	0.000096
0.000110	0.000048	0.000002	0.000001	0.000000	0.000017	0.000000	0.000006	0.000001	0.000007	0.000012	0.000023	0.000006	0.000042	0.000001	0.000017	0.000000	0.001737	0.001816
0.000110	0.000047	0.000002	0.000001	0.000000	0.000021	0.000000	0.000005	0.000000	0.000009	0.000011	0.000020	0.000007	0.000029	0.000000	0.000020	0.000001	0.000033	0.002708
0.000034	0.000006	0.000003	0.000087	0.000018	0.000741	0.000238	0.000000	0.000004	0.000027	0.000002	0.000087	0.000007	0.000029	0.000001	0.000003	0.000017	0.000984	0.000335
0.000093	0.000035	0.000000	0.000000	0.000000	0.000008	0.000003	0.000008	0.000000	0.000015	0.000002	0.000022	0.000027	0.000051	0.000000	0.000001	0.000003	0.001183	0.000365
0.000086	0.000019	0.000000	0.000003	0.000004	0.000030	0.000012	0.000003	0.000000	0.000016	0.000008	0.000033	0.000002	0.000008	0.000010	0.000000	0.000000	0.003763	0.000000
0.000084	0.000012	0.000001	0.000010	0.000000	0.000051	0.000136	0.000000	0.000002	0.000001	0.000014	0.000077	0.000000	0.000011	0.000029	0.000000	0.000000	0.007729	0.001070
0.000088	0.000024	0.000001	0.000001	0.000008	0.000015	0.000002	0.000008	0.000001	0.000022	0.000010	0.000009	0.000005	0.000093	0.000005	0.000092	0.000003	0.010353	0.005131
0.025691	0.081203	0.414218	0.006063	0.001935	0.001628	0.007041	0.001527	0.002062	0.017568	0.002130	0.000167	0.000003	0.000243	0.001299	0.008028	0.034503	0.000578	0.001901
0.016196	0.078734	0.305135	0.002917	0.003834	0.000048	0.004212	0.000358	0.000033	0.003844	0.011407	0.001889	0.005931	0.026600	0.000406	0.002847	0.054446	0.000550	0.001623
0.000065	0.000010	0.000014	0.000001	0.000018	0.000008	0.000001	0.000026	0.000106	0.000135	0.000006	0.000051	0.000320	0.000370	0.000001	0.004373	0.001488	0.000003	0.002693
0.000357	0.000054	0.008074	0.000469	0.000182	0.002646	0.000247	0.003330	0.002415	0.003726	0.024405	0.002159	0.004863	0.036060	0.005618	0.014358	0.171491	0.000399	0.002597
0.000049	0.000005	0.000016	0.000000	0.000025	0.000024	0.000015	0.000029	0.000125	0.000232	0.000010	0.000002	0.000114	0.000524	0.000236	0.001013	0.000009	0.001758	0.001956
0.000184	0.000684	0.000570	0.000778	0.000249	0.001586	0.001983	0.003527	0.002682	0.011845	0.000001	0.000410	0.002474	0.020025	0.020761	0.148876	0.000102	0.001371	0.001908
0.000018	0.000150	0.000843	0.000145	0.000055	0.000284	0.000925	0.001519	0.002277	0.004414	0.000465	0.000490	0.004254	0.032696	0.009757	0.125781	0.005494	0.003078	0.003441
0.000052	0.000000	0.000015	0.000458	0.000073	0.000315	0.000332	0.000440	0.000407	0.001314	0.000038	0.000030	0.000021	0.000102	0.000652	0.009919	0.002204	0.001022	0.000255
0.000024	0.000000	0.000002	0.000010	0.000001	0.000257	0.000011	0.000016	0.000274	0.000111	0.000090	0.000002	0.000019	0.003491	0.000225	0.005627	0.000182	0.000165	0.000090
0.000082	0.000021	0.000010	0.000000	0.000000	0.000060	0.000000	0.000019	0.000023	0.000071	0.000004	0.000034	0.000101	0.001400	0.000123	0.001559	0.000060	0.000428	0.004989
0.000100	0.000039	0.000003	0.000000	0.000001	0.000026	0.000000	0.000008	0.000008	0.000012	0.000000	0.000021	0.000004	0.000260	0.000007	0.000089	0.000000	0.000178	0.000099
0.000109	0.000047	0.000001	0.000001	0.000000	0.000022	0.000000	0.000007	0.000000	0.000010	0.000009	0.000017	0.000004	0.000034	0.000002	0.000022	0.000001	0.000168	0.000094
0.000067	0.000026	0.000000	0.000000	0.000001	0.000091	0.000006	0.000001	0.000045	0.000008	0.000001	0.000008	0.000102	0.000020	0.000162	0.000419	0.000000	0.001845	0.001762
0.000104	0.000044	0.000002	0.000001	0.000003	0.000008	0.000002	0.000010	0.000004	0.000018	0.000008	0.000016	0.000001	0.000061	0.000000	0.000042	0.000000	0.000035	0.002747
0.001251	0.002055	0.001234	0.000286	0.134061	0.230887	0.095930	0.000765	0.032990	0.019218	0.000235	0.002660	0.021137	0.018484	0.003118	0.000815	0.000346	0.000445	0.000031
0.000086	0.000119	0.000163	0.000021	0.019009	0.027883	0.010496	0.000498	0.005045	0.001175	0.000580	0.000373	0.005388	0.002581	0.000041	0.000009	0.000064	0.000902	0.000048
0.000075	0.000027	0.000000	0.000002	0.000067	0.000044	0.000066	0.000014	0.000062	0.000088	0.000002	0.000021	0.000007	0.000004	0.000075	0.000299	0.000146	0.000021	0.002898
0.000137	0.000592	0.000301	0.000170	0.043589	0.079885	0.035689	0.000029	0.009269	0.008536	0.000001	0.004318	0.005858	0.006539	0.002356	0.001421	0.000027	0.000940	0.001117
0.000024	0.000558	0.000015	0.000355	0.001106	0.007590	0.000678	0.000018	0.001470	0.000642	0.000026	0.000082	0.000037	0.001014	0.007055	0.008381	0.000010	0.004211	0.000044
0.000025	0.000041	0.000000	0.000104	0.000004	0.000022	0.000467	0.000009	0.000400	0.000024	0.000086	0.000388	0.000167	0.001910	0.001245	0.000939	0.000197	0.000248	0.000127
0.000032	0.000020	0.000001	0.000064	0.000003	0.000000	0.000262	0.000002	0.000376	0.000023	0.000134	0.000296	0.000093	0.001929	0.000889	0.000827	0.000186	0.000233	0.000128
0.000108	0.000046	0.000001	0.000001	0.000000	0.000017	0.000000	0.000007	0.000002	0.000011	0.000013	0.000024	0.000016	0.000038	0.000000	0.000020	0.000002	0.006740	0.000812
0.000109	0.000048	0.000002	0.000001	0.000000	0.000017	0.000000	0.000007	0.000001	0.000009	0.000012	0.000017	0.000012	0.000042	0.000003	0.000028	0.000001	0.000169	0.000093
0.000048	0.000004	0.000000	0.000065	0.000008	0.000669	0.000534	0.000010	0.000003	0.000005	0.000033	0.000040	0.000001	0.000009	0.000014	0.000034	0.000008	0.001546	0.001811
0.000087	0.000021	0.000000	0.000003	0.000000	0.000000	0.000025	0.000003	0.000012	0.000014	0.000030	0.000022	0.000004	0.000018	0.000030	0.000056	0.000025	0.001711	0.001804
0.000066	0.000000	0.000000	0.000030	0.000013	0.000431	0.000319	0.000006	0.000001	0.000002	0.000012	0.000036	0.000003	0.000002	0.000012	0.000007	0.000002	0.001058	0.000364
0.000052	0.000006	0.000018	0.000021	0.000002	0.000000	0.000051	0.000002	0.000035	0.000028	0.000000	0.000004	0.000039	0.000022	0.000056	0.000044	0.000076	0.001231	0.000346
0.000065	0.000015	0.000013	0.000010	0.000003	0.000004	0.000065	0.000002	0.000066	0.000027	0.000000	0.000019	0.000010	0.000012	0.000000	0.000001	0.000034	0.000154	0.000083
0.000094	0.000030	0.000000	0.000000	0.000000	0.000007	0.000000	0.000006	0.000010	0.000009	0.000011	0.000003	0.000032	0.000051	0.000040	0.000098	0.000015	0.000410	0.005115
0.000000	0.000342	0.000138	0.001103	0.000300	0.003868	0.003192	0.000612	0.004914	0.000117	0.000064	0.000416	0.000221	0.000228	0.002254	0.001582	0.000197	0.000713	0.005398
0.000050	0.000002	0.000051	0.000067	0.000054	0.000001	0.000100	0.000034	0.001381	0.000002	0.000031	0.000018	0.000026	0.000148	0.000760	0.000260	0.000034	0.001176	0.000338
0.000014	0.000164	0.000011	0.000576	0.000094	0.003222	0.004384	0.000268	0.001030	0.000088	0.000001	0.000415	0.000053	0.000459	0.000467	0.000372	0.000052	0.001262	0.001583
0.000101	0.000039	0.000000	0.000000	0.000000	0.000008	0.000003	0.000005	0.000000	0.000012	0.000006	0.000018	0.000010	0.000039	0.000002	0.000007	0.000000	0.000170	0.000089
0.000024	0.000405	0.001278	0.001374	0.001439	0.000487	0.001795	0.001219	0.024308	0.000046	0.000462	0.000093	0.002576	0.000001	0.002079	0.002690	0.001700	0.000145	0.000010
0.000083	0.000019	0.000010	0.000009	0.000016	0.000023	0.000057	0.000004	0.000316	0.000004	0.000001	0.000011	0.000041	0.000003	0.000009	0.000016	0.000016	0.000024	0.002824
0.000012	0.000031	0.000192	0.000323	0.000210	0.000138	0.000025	0.000118	0.003302	0.000002	0.000085	0.000119	0.000089	0.000000	0.000615	0.000610	0.000062	0.000185	0.000074
0.000036	0.000000	0.000084	0.000052	0.000138	0.000017	0.000413	0.000066	0.002085	0.000004	0.000023	0.000071	0.000056	0.000425	0.001038	0.000562	0.000296	0.000702	0.006208
0.000020	0.000484	0.000664	0.001586	0.000613	0.002414	0.000196	0.000557	0.010130	0.000006	0.000224	0.000316	0.000310	0.000086	0.001988	0.002464	0.000281	0.000292	0.000068
0.000064	0.000008	0.000024	0.000030	0.000032	0.000003	0.000039	0.000004	0.000509	0.000006	0.000001	0.000023	0.000029	0.000001	0.000004	0.000005	0.000002	0.000025	0.002807
0.000091	0.000028	0.000001	0.000002	0.000004	0.000009	0.000002	0.000001	0.000045	0.000008	0.000004	0.000022	0.000001	0.000011	0.000001	0.000015	0.000002	0.000163	0.000090
0.000081	0.000020	0.000007	0.000009	0.000012	0.000010	0.000026	0.000000	0.000224	0.000006	0.000000	0.000019	0.000013	0.000002	0.000002	0.000007	0.000003	0.000027	0.002783
0.000004	0.000315	0.000382	0.001109	0.000354	0.002146	0.000397	0.000359	0.005965	0.000004	0.000112	0.000299	0.000095	0.000005	0.002343	0.002261	0.000204	0.000505	0.006465
0.000001	0.000149	0.000246	0.000701	0.000262	0.001323	0.000213	0.000212	0.004688	0.000004	0.000062	0.000123	0.000198	0.000047	0.001268	0.001427	0.000163	0.000958	0.000338
0.112341	0.268029	0.122488	0.006479	0.000135	0.036207	0.000000	0.000050	0.000336	0.000001	0.005420	0.000908	0.022618	0.003267	0.003766	0.006273	0.003570	0.000259	0.000599
0.037162	0.050635	0.061573	0.094050	0.080712	0.000134	0.011469	0.028048	0.027650	0.031519	0.008850	0.000022	0.003071	0.004090	0.006255	0.000016	0.001166	0.000031	0.000408
0.000058	0.000341	0.001050	0.001209	0.001063	0.000208	0.000930	0.000432	0.000064	0.003235	0.003404	0.000083	0.000964	0.000781	0.008404	0.014290	0.000015	0.003163	0.000135
0.000000	0.000105	0.000205	0.000412	0.000254	0.000019	0.000002	0.000497	0.001580	0.001705	0.003829	0.000013	0.000223	0.000160	0.005982	0.014144	0.000000	0.002466	0.012725
0.000003	0.000063	0.000184	0.000304	0.000200	0.000042	0.000014	0.000343	0.001209	0.001397	0.003267	0.000026	0.000043	0.000189	0.004872	0.011164	0.000013	0.003504	0.000055
0.000085	0.000022	0.000000	0.000003	0.000002	0.000006	0.000005	0.000040	0.000034	0.000046	0.000063	0.000008	0.000035	0.000048	0.000034	0.000311	0.000004	0.001152	0.000338
0.000039	0.000006	0.000103	0.000050	0.000095	0.000098	0.000508	0.000017	0.001247	0.000048	0.000061	0.000071	0.000098	0.000005	0.000002	0.000030	0.000035	0.000101	0.000066
0.000046	0.000008	0.000088	0.000043	0.000088	0.000100	0.000449	0.000022	0.001318	0.000028	0.000052	0.000041	0.000059	0.000002	0.000082	0.000041	0.000021	0.001378	0.000318
0.000101	0.000044	0.000000	0.000000	0.000000	0.000020	0.000003	0.000010	0.000003	0.000020	0.000007	0.000039	0.000000	0.000005	0.000036	0.000027	0.000006	0.001221	0.000356
0.000099	0.000040	0.000000	0.000000	0.000002	0.000024	0.000005	0.000007	0.000004	0.000014	0.000012	0.000019	0.000000	0.000003	0.000000	0.000026	0.000008	0.001223	0.000357
0.010714	0.012797	0.007727	0.025859	0.020741	0.006963	0.011622	0.042188	0.080202	0.008468	0.013715	0.000016	0.037288	0.036291	0.007708	0.017350	0.000312	0.000481	0.000181
0.000026	0.000519	0.000245	0.001418	0.000370	0.001290	0.001919	0.000034	0.000232	0.000006	0.002717	0.000010	0.001490	0.000484	0.001887	0.000035	0.000156	0.005584	0.000837
0.000097	0.000056	0.000001	0.000001	0.000008	0.000046	0.000000	0.000013	0.000000	0.000047	0.000189	0.000304	0.000027	0.000058	0.000089	0.000000	0.000058	0.007735	0.001045
0.000086	0.000021	0.000005	0.000002	0.000002	0.000077	0.000009	0.000035	0.000065	0.000045	0.000254	0.000008	0.000333	0.000095	0.000077	0.000122	0.000034	0.001187	0.000359
0.000097	0.000029	0.000000	0.000000	0.000001	0.000051	0.000002	0.000030	0.000075	0.000003	0.000052	0.000011	0.000071	0.000024	0.000002	0.000009	0.000000	0.001154	0.000381
0.000110	0.000047	0.000001	0.000001	0.000000	0.000021	0.000000	0.000005	0.000000	0.000008	0.000011	0.000015	0.000002	0.000028	0.000000	0.000023	0.000001	0.003654	0.000000
0.000040	0.000064	0.000002	0.000267	0.000013	0.002376	0.003888	0.000237	0.000340	0.000217	0.000014	0.000033	0.000033	0.000260	0.000097	0.000014	0.000000	0.000858	0.000500
0.000063	0.000007	0.000015	0.000020	0.000012	0.000073	0.000006	0.000119	0.000380	0.000166	0.000617	0.000000	0.000501	0.000068	0.001303	0.001154	0.000026	0.007883	0.001235
0.000072	0.000010	0.000009	0.000013	0.000010	0.000073	0.000001	0.000109	0.000390	0.000125	0.000651	0.000004	0.000333	0.000005	0.001683	0.001289	0.000019	0.001181	0.000294
0.000101	0.000044	0.000000	0.000000	0.000000	0.000020	0.000003	0.000009	0.000000	0.000021	0.000006	0.000037	0.000044	0.000140	0.000044	0.000006	0.000003	0.003705	0.000000
0.000089	0.000031	0.000000	0.000001	0.000002	0.000036	0.000019	0.000000	0.000006	0.000038	0.000012	0.000049	0.000000	0.000086	0.000030	0.000033	0.000002	0.000777	0.006429
0.000029	0.000000	0.000069	0.000086	0.000099	0.000025	0.000073	0.000004	0.000167	0.000055	0.000053	0.000003	0.000197	0.000095	0.000333	0.000056	0.000005	0.000441	0.005030
0.000053	0.000010	0.000005	0.000022	0.000023	0.000009	0.000034	0.000065	0.000212	0.000061	0.000137	0.000002	0.000493	0.000005	0.000006	0.000002	0.000008	0.000468	0.005201
0.000074	0.000019	0.000022	0.000013	0.000024	0.000042	0.000214	0.000012	0.000709	0.000006	0.000002	0.000001	0.000032	0.000180	0.000307	0.000020	0.000017	0.000153	0.000073
0.000012	0.000004	0.000001	0.000079	0.000747	0.000000	0.000196	0.000151	0.001492	0.000100	0.000013	0.001576	0.000004	0.000236	0.001156	0.001557	0.000009	0.000198	0.000134
0.000020	0.000009	0.000000	0.000098	0.000674	0.000005	0.000159	0.000148	0.001281	0.000139	0.000002	0.001256	0.000016	0.000104	0.000970	0.001489	0.000094	0.003899	0.000003
0.000020	0.000009	0.000000	0.000098	0.000674	0.000005	0.000159	0.000148	0.001281	0.000139	0.000002	0.001256	0.000016	0.000104	0.000970	0.001489	0.000094	0.003899	0.000003
0.000108	0.000047	0.000001	0.000001	0.000000	0.000022	0.000001	0.000007	0.000000	0.000009	0.000010	0.000022	0.000006	0.000032	0.000004	0.000017	0.000001	0.000168	0.000094
0.000108	0.000047	0.000001	0.000001	0.000000	0.000022	0.000001	0.000007	0.000000	0.000009	0.000010	0.000022	0.000006	0.000032	0.000004	0.000017	0.000001	0.000168	0.000094
0.000096	0.000041	0.000000	0.000000	0.000000	0.000039	0.000001	0.000006	0.000011	0.000024	0.000002	0.000071	0.000000	0.000002	0.000009	0.000022	0.000051	0.004478	0.003876
0.000096	0.000041	0.000000	0.000000	0.000000	0.000039	0.000001	0.000006	0.000011	0.000024	0.000002	0.000071	0.000000	0.000002	0.000009	0.000022	0.000051	0.004478	0.003876
0.000037	0.000286	0.000153	0.000268	0.002233	0.000383	0.000804	0.000482	0.003624	0.000120	0.000819	0.000253	0.001975	0.000527	0.000398	0.006396	0.000367	0.000266	0.002172
0.000083	0.000025	0.000003	0.000001	0.000010	0.000042	0.000002	0.000048	0.000076	0.000076	0.000094	0.000079	0.000026	0.000006	0.000014	0.000012	0.000003	0.004582	0.003783
0.000083	0.000025	0.000003	0.000001	0.000010	0.000042	0.000002	0.000048	0.000076	0.000076	0.000094	0.000079	0.000026	0.000006	0.000014	0.000012	0.000003	0.004582	0.003783
0.000091	0.000034	0.000000	0.000000	0.000004	0.000044	0.000002	0.000032	0.000075	0.000048	0.000042	0.000092	0.000000	0.000026	0.000100	0.000005	0.000002	0.002805	0.003825
0.000091	0.000034	0.000000	0.000000	0.000004	0.000044	0.000002	0.000032	0.000075	0.000048	0.000042	0.000092	0.000000	0.000026	0.000100	0.000005	0.000002	0.002805	0.003825
0.000011	0.000055	0.000004	0.000285	0.000182	0.000287	0.002109	0.000003	0.000078	0.000128	0.000112	0.000187	0.000002	0.001779	0.001197	0.001691	0.000195	0.001468	0.001192
0.000011	0.000055	0.000004	0.000285	0.000182	0.000287	0.002109	0.000003	0.000078	0.000128	0.000112	0.000187	0.000002	0.001779	0.001197	0.001691	0.000195	0.001468	0.001192
0.000067	0.000031	0.000010	0.000163	0.000511	0.000073	0.000136	0.000024	0.000247	0.000300	0.000460	0.000750	0.000080	0.001000	0.000168	0.000972	0.001528	0.000836	0.000307
0.000067	0.000031	0.000010	0.000163	0.000511	0.000073	0.000136	0.000024	0.000247	0.000300	0.000460	0.000750	0.000080	0.001000	0.000168	0.000972	0.001528	0.000836	0.000307
0.000084	0.000029	0.000002	0.000002	0.000001	0.000030	0.000006	0.000029	0.000054	0.000069	0.000050	0.000055	0.000131	0.000073	0.000186	0.000003	0.000007	0.000040	0.002712
0.000091	0.000034	0.000000	0.000000	0.000000	0.000021	0.000004	0.000020	0.000033	0.000054	0.000049	0.000051	0.000069	0.000052	0.000070	0.000005	0.000007	0.000037	0.002735
0.000079	0.000026	0.000001	0.000004	0.000004	0.000058	0.000000	0.000077	0.000116	0.000041	0.000039	0.000000	0.000116	0.000061	0.000107	0.000000	0.000001	0.000048	0.002648
0.000094	0.000036	0.000000	0.000000	0.000001	0.000042	0.000001	0.000042	0.000044	0.000026	0.000044	0.000000	0.000010	0.000010	0.000006	0.000042	0.000019	0.000181	0.000089
0.000177	0.000057	0.000290	0.000825	0.000728	0.000085	0.000000	0.006006	0.004589	0.004248	0.000233	0.000096	0.001839	0.021532	0.000768	0.000123	0.000112	0.000980	0.000117
0.000028	0.000003	0.000013	0.000012	0.000133	0.000175	0.000253	0.000169	0.000615	0.000471	0.000413	0.000005	0.000107	0.000143	0.000858	0.000503	0.000053	0.000659	0.005651
0.000048	0.000010	0.000003	0.000001	0.000133	0.000152	0.000211	0.000068	0.000367	0.000260	0.000245	0.000017	0.000061	0.000065	0.000380	0.000295	0.000020	0.001134	0.000209
0.000048	0.000010	0.000003	0.000001	0.000133	0.000152	0.000211	0.000068	0.000367	0.000260	0.000245	0.000017	0.000061	0.000065	0.000380	0.000295	0.000020	0.001134	0.000209
0.000079	0.000032	0.000000	0.000003	0.000000	0.000013	0.000003	0.000054	0.000042	0.000071	0.000062	0.000038	0.000000	0.000095	0.000065	0.000092	0.000003	0.001139	0.000330
0.000079	0.000032	0.000000	0.000003	0.000000	0.000013	0.000003	0.000054	0.000042	0.000071	0.000062	0.000038	0.000000	0.000095	0.000065	0.000092	0.000003	0.001139	0.000330
0.000086	0.000015	0.000205	0.000968	0.000156	0.000307	0.001133	0.003299	0.000597	0.000103	0.001299	0.000006	0.000558	0.000395	0.008275	0.000001	0.001275	0.005592	0.000733
0.000090	0.000036	0.000000	0.000002	0.000001	0.000007	0.000003	0.000044	0.000003	0.000018	0.000018	0.000003	0.000004	0.000024	0.000056	0.000000	0.000010	0.000195	0.000102
0.000090	0.000036	0.000000	0.000002	0.000001	0.000007	0.000003	0.000044	0.000003	0.000018	0.000018	0.000003	0.000004	0.000024	0.000056	0.000000	0.000010	0.000195	0.000102
0.000107	0.000048	0.000001	0.000001	0.000000	0.000016	0.000001	0.000010	0.000001	0.000009	0.000015	0.000016	0.000013	0.000054	0.000006	0.000005	0.000001	0.000176	0.000094
0.000107	0.000048	0.000001	0.000001	0.000000	0.000016	0.000001	0.000010	0.000001	0.000009	0.000015	0.000016	0.000013	0.000054	0.000006	0.000005	0.000001	0.000176	0.000094
0.000100	0.000044	0.000001	0.000000	0.000002	0.000009	0.000003	0.000019	0.000005	0.000027	0.000013	0.000006	0.000000	0.000074	0.000015	0.000047	0.000000	0.007922	0.001138
0.000100	0.000044	0.000001	0.000000	0.000002	0.000009	0.000003	0.000019	0.000005	0.000027	0.000013	0.000006	0.000000	0.000074	0.000015	0.000047	0.000000	0.007922	0.001138
0.003665	0.006302	0.015662	0.011881	0.011438	0.008041	0.034208	0.002873	0.015177	0.001181	0.005621	0.000001	0.010320	0.046148	0.007458	0.000617	0.000338	0.000373	0.004639
0.000167	0.000233	0.000439	0.000512	0.000421	0.003499	0.000305	0.001209	0.013616	0.000095	0.002528	0.003678	0.000002	0.023825	0.000278	0.000192	0.014717	0.000000	0.002143
0.000106	0.000212	0.000372	0.000391	0.000265	0.003389	0.000297	0.000647	0.011963	0.000203	0.002320	0.004842	0.000008	0.023418	0.000705	0.000044	0.015738	0.000039	0.000208
0.000105	0.000041	0.000002	0.000001	0.000000	0.000033	0.000000	0.000007	0.000009	0.000000	0.000000	0.000000	0.000032	0.000045	0.000069	0.000002	0.000001	0.000174	0.000113
0.000092	0.000031	0.000004	0.000002	0.000008	0.000036	0.000075	0.000001	0.000235	0.000006	0.000002	0.000001	0.000026	0.000049	0.000106	0.000004	0.000003	0.000153	0.000080
0.000101	0.000040	0.000000	0.000000	0.000001	0.000030	0.000006	0.000002	0.000001	0.000018	0.000017	0.000027	0.000011	0.000027	0.000027	0.000119	0.000031	0.000151	0.000091
0.000018	0.000000	0.000052	0.000038	0.000026	0.000513	0.000029	0.000180	0.001935	0.000057	0.000257	0.002553	0.000047	0.002712	0.000142	0.000324	0.000171	0.007382	0.001023
0.000101	0.000050	0.000001	0.000000	0.000000	0.000029	0.000000	0.000016	0.000010	0.000013	0.000020	0.000000	0.000058	0.000054	0.000074	0.000010	0.000260	0.001140	0.000348
0.000003	0.000023	0.000034	0.000070	0.000042	0.001267	0.000002	0.000306	0.006378	0.000335	0.000677	0.001226	0.000009	0.009586	0.001482	0.000346	0.014903	0.001388	0.000443
0.000085	0.000040	0.000001	0.000001	0.000006	0.000014	0.000001	0.000124	0.000048	0.000017	0.000095	0.000161	0.000002	0.000068	0.000042	0.000020	0.000019	0.001040	0.000375
0.000053	0.000008	0.000059	0.000031	0.000060	0.000089	0.000305	0.000015	0.000672	0.000037	0.000000	0.000015	0.000000	0.000124	0.000329	0.000001	0.000065	0.007020	0.000759
0.000092	0.000039	0.000001	0.000001	0.000004	0.000036	0.000030	0.000001	0.000070	0.000013	0.000002	0.000043	0.000033	0.000154	0.000306	0.000014	0.000011	0.000167	0.000100
0.000098	0.000038	0.000000	0.000000	0.000002	0.000028	0.000004	0.000008	0.000004	0.000015	0.000034	0.000017	0.000008	0.000059	0.000003	0.000028	0.000002	0.000170	0.000090
0.000055	0.000002	0.000001	0.000012	0.000003	0.000116	0.000002	0.000000	0.000187	0.000002	0.000037	0.000100	0.000315	0.000179	0.000155	0.000018	0.000059	0.000181	0.000146
0.000063	0.000005	0.000000	0.000005	0.000000	0.000110	0.000000	0.000003	0.000304	0.000005	0.000041	0.000111	0.000401	0.000227	0.000210	0.000025	0.000051	0.001138	0.000479
0.000053	0.000002	0.000013	0.000064	0.000025	0.000069	0.000156	0.000072	0.000046	0.000011	0.000055	0.000133	0.000084	0.000358	0.000088	0.000260	0.000030	0.000352	0.005027
0.000066	0.000000	0.000003	0.000037	0.000009	0.000061	0.000170	0.000042	0.000002	0.000009	0.000082	0.000116	0.000031	0.000190	0.000041	0.000278	0.000015	0.000025	0.002750
0.000094	0.000033	0.000000	0.000001	0.000003	0.000016	0.000001	0.000000	0.000021	0.000010	0.000003	0.000026	0.000001	0.000001	0.000002	0.000015	0.000007	0.002786	0.003781
0.000060	0.000007	0.000025	0.000016	0.000026	0.000083	0.000085	0.000000	0.000003	0.000058	0.000093	0.000000	0.000000	0.000018	0.000005	0.000085	0.000068	0.007031	0.000762
0.000140	0.000051	0.001627	0.000903	0.001407	0.000971	0.003623	0.000031	0.003860	0.001527	0.000261	0.000190	0.001135	0.000433	0.009056	0.000096	0.027255	0.003544	0.009909
0.000000	0.000046	0.000006	0.000461	0.003139	0.000379	0.000986	0.000092	0.000177	0.000444	0.000480	0.002940	0.003755	0.013099	0.015009	0.009159	0.002540	0.000262	0.002161
0.000094	0.000040	0.000000	0.000000	0.000000	0.000035	0.000004	0.000002	0.000005	0.000024	0.000038	0.000000	0.000010	0.000022	0.000091	0.000254	0.000005	0.003572	0.000000
0.000028	0.000035	0.000231	0.000163	0.000231	0.000099	0.000992	0.000715	0.003778	0.000000	0.000026	0.000011	0.003316	0.000922	0.000254	0.000605	0.001116	0.000039	0.000010
0.000064	0.000001	0.000029	0.000033	0.000037	0.000032	0.000039	0.000178	0.000133	0.000008	0.000097	0.000079	0.000459	0.000396	0.000376	0.000535	0.000396	0.000090	0.000043
0.000083	0.000015	0.000006	0.000006	0.000009	0.000027	0.000034	0.000012	0.000101	0.000007	0.000013	0.000023	0.000012	0.000012	0.000028	0.000028	0.000025	0.001260	0.000330
0.000099	0.000036	0.000000	0.000000	0.000002	0.000032	0.000022	0.000000	0.000044	0.000007	0.000008	0.000001	0.000011	0.000010	0.000000	0.000033	0.000000	0.001243	0.000348
0.010697	0.060901	0.002256	0.062119	0.107500	0.030987	0.043020	0.004146	0.000052	0.027566	0.000020	0.005290	0.033207	0.012321	0.012932	0.000746	0.001575	0.001784	0.000503
0.001091	0.003057	0.000578	0.006617	0.010936	0.009938	0.000326	0.011247	0.004065	0.026657	0.006171	0.009238	0.035391	0.004641	0.006818	0.063847	0.020729	0.001898	0.001443
0.000050	0.000114	0.000080	0.003345	0.006221	0.000080	0.000648	0.008893	0.002110	0.000032	0.023275	0.003646	0.030849	0.008181	0.019871	0.000419	0.012717	0.001688	0.000104
0.000108	0.000047	0.000001	0.000001	0.000000	0.000024	0.000000	0.000006	0.000003	0.000011	0.000016	0.000019	0.000010	0.000026	0.000024	0.000072	0.000013	0.003630	0.000000
0.000014	0.000189	0.000212	0.000788	0.001089	0.002800	0.000207	0.000849	0.003545	0.002596	0.001277	0.002014	0.002789	0.000944	0.000370	0.019075	0.003321	0.004500	0.003376
0.000002	0.000048	0.000058	0.001184	0.001561	0.002134	0.001035	0.001623	0.000629	0.001409	0.003744	0.005406	0.002249	0.000306	0.000396	0.010095	0.004599	0.000748	0.001824
0.000068	0.000021	0.000035	0.000016	0.000041	0.000059	0.000341	0.000052	0.001421	0.000006	0.000043	0.000000	0.000065	0.000503	0.002096	0.000297	0.000017	0.001255	0.000356
0.000063	0.000007	0.000003	0.000000	0.000000	0.000066	0.000000	0.000001	0.000024	0.000104	0.000156	0.000422	0.000059	0.000006	0.000010	0.000137	0.000065	0.000172	0.000182
0.000082	0.000016	0.000002	0.000000	0.000001	0.000036	0.000003	0.000002	0.000026	0.000033	0.000026	0.000128	0.000034	0.000030	0.000036	0.000007	0.000010	0.006697	0.000945
0.000104	0.000042	0.000000	0.000000	0.000000	0.000023	0.000002	0.000003	0.000003	0.000006	0.000005	0.000013	0.000006	0.000034	0.000000	0.000014	0.000002	0.000165	0.000095
0.000096	0.000038	0.000005	0.000001	0.000000	0.000041	0.000000	0.000011	0.000011	0.000001	0.000011	0.000018	0.000021	0.000009	0.000030	0.000017	0.000031	0.000033	0.002540
0.000018	0.000002	0.000062	0.000021	0.000186	0.000249	0.000407	0.000003	0.000000	0.000075	0.000067	0.000159	0.000364	0.000003	0.003952	0.000021	0.000011	0.012917	0.002905
0.000021	0.000001	0.000051	0.000017	0.000176	0.000229	0.000364	0.000000	0.000000	0.000095	0.000041	0.000324	0.000183	0.000027	0.004629	0.000004	0.000010	0.011320	0.000063
0.000053	0.000007	0.000005	0.000001	0.000052	0.000102	0.000063	0.000023	0.000082	0.000034	0.000000	0.000174	0.000078	0.000037	0.001983	0.000000	0.000024	0.000156	0.000121
0.000102	0.000041	0.000001	0.000001	0.000001	0.000029	0.000002	0.000005	0.000003	0.000001	0.000002	0.000005	0.000019	0.000029	0.000006	0.000004	0.000002	0.004578	0.003898
0.000104	0.000043	0.000000	0.000000	0.000000	0.000027	0.000002	0.000001	0.000000	0.000016	0.000002	0.000093	0.000065	0.000166	0.000047	0.000003	0.000001	0.000410	0.005125
0.000028	0.000070	0.000134	0.000010	0.000052	0.001245	0.000006	0.000061	0.001889	0.008084	0.008594	0.030963	0.000788	0.001338	0.012934	0.006493	0.000548	0.000007	0.007891
0.000095	0.000028	0.000004	0.000001	0.000005	0.000031	0.000004	0.000000	0.000035	0.000000	0.000020	0.000000	0.000000	0.000033	0.000005	0.000100	0.000036	0.000152	0.000104
0.000037	0.000058	0.000000	0.000000	0.000336	0.000013	0.000012	0.000161	0.000027	0.001143	0.000880	0.001402	0.000132	0.000132	0.001367	0.000269	0.001411	0.001399	0.001620
0.000106	0.000038	0.000003	0.000001	0.000000	0.000037	0.000001	0.000002	0.000006	0.000001	0.000001	0.000010	0.000004	0.000012	0.000021	0.000018	0.000008	0.000159	0.000114
0.001283	0.017292	0.001412	0.041653	0.040027	0.014937	0.005928	0.010715	0.001304	0.019424	0.001488	0.001317	0.009089	0.000283	0.023507	0.000748	0.000961	0.000861	0.000001
0.000034	0.000055	0.000124	0.000001	0.000019	0.000877	0.000037	0.000029	0.001681	0.002394	0.002524	0.013728	0.002650	0.000611	0.002720	0.001072	0.000166	0.003217	0.000106
0.000107	0.000048	0.000002	0.000001	0.000000	0.000023	0.000000	0.000008	0.000002	0.000008	0.000008	0.000010	0.000013	0.000044	0.000000	0.000028	0.000007	0.000168	0.000098
0.000036	0.000053	0.000126	0.000001	0.000021	0.000862	0.000035	0.000032	0.001639	0.002385	0.002492	0.013469	0.002756	0.000650	0.002522	0.001011	0.000212	0.001475	0.000839
0.000966	0.013706	0.002243	0.041728	0.038387	0.009434	0.006860	0.009139	0.000016	0.036535	0.000222	0.024888	0.022298	0.000189	0.042924	0.003108	0.002015	0.000854	0.001695
0.000266	0.007873	0.002858	0.038680	0.030653	0.001504	0.006544	0.009628	0.004443	0.090473	0.005674	0.100843	0.016664	0.001383	0.015430	0.000119	0.000119	0.000764	0.000187
0.000052	0.000032	0.000006	0.000188	0.000107	0.000595	0.000032	0.000144	0.000188	0.000090	0.000848	0.001214	0.000314	0.000004	0.001799	0.000250	0.000089	0.002072	0.001386
0.000023	0.000009	0.000067	0.000000	0.000110	0.000605	0.000002	0.000509	0.000138	0.004011	0.000239	0.004206	0.000094	0.000000	0.002749	0.001286	0.002458	0.000351	0.000597
0.000102	0.000041	0.000001	0.000000	0.000000	0.000028	0.000000	0.000005	0.000006	0.000013	0.000012	0.000014	0.000014	0.000062	0.000017	0.000047	0.000008	0.013273	0.002773
0.000105	0.000045	0.000001	0.000000	0.000000	0.000023	0.000000	0.000008	0.000004	0.000011	0.000011	0.000012	0.000009	0.000050	0.000001	0.000028	0.000007	0.000408	0.005122
0.000108	0.000045	0.000001	0.000001	0.000000	0.000025	0.000000	0.000004	0.000002	0.000010	0.000012	0.000020	0.000011	0.000044	0.000002	0.000035	0.000001	0.003652	0.000000
0.000029	0.000016	0.000000	0.000006	0.000001	0.000490	0.000033	0.000000	0.001453	0.000839	0.000043	0.002177	0.000343	0.000030	0.000001	0.000020	0.000285	0.000160	0.000296
0.000094	0.000036	0.000000	0.000000	0.000000	0.000036	0.000002	0.000014	0.000017	0.000013	0.000043	0.000006	0.000001	0.000029	0.000434	0.000207	0.000003	0.003645	0.000000
0.000039	0.000009	0.000000	0.000002	0.000003	0.000428	0.000020	0.000002	0.001215	0.000885	0.000099	0.001587	0.000410	0.000025	0.000467	0.000209	0.000258	0.000165	0.000314
0.000319	0.001016	0.002669	0.000439	0.003011	0.000137	0.010084	0.011042	0.023547	0.000049	0.000091	0.003127	0.000344	0.000476	0.000544	0.012378	0.018388	0.003604	0.000161
0.000001	0.000095	0.000060	0.000082	0.000234	0.000108	0.000195	0.002507	0.000000	0.000156	0.000164	0.003652	0.000006	0.000006	0.000734	0.001270	0.004777	0.001382	0.006517
0.000012	0.000005	0.000010	0.000044	0.000091	0.000009	0.000025	0.001393	0.000221	0.000140	0.000060	0.002827	0.000170	0.000090	0.000193	0.001547	0.005102	0.001807	0.000485
0.000062	0.000002	0.000005	0.000005	0.000035	0.000047	0.000104	0.000107	0.000074	0.000005	0.000116	0.000127	0.000161	0.000000	0.000194	0.000108	0.000137	0.000822	0.006044
0.009520	0.003026	0.000036	0.001833	0.051986	0.000082	0.021735	0.007930	0.018773	0.072268	0.010265	0.000130	0.005098	0.009116	0.004753	0.005540	0.007822	0.002047	0.000892
0.000004	0.000033	0.000003	0.000001	0.001140	0.000892	0.001879	0.000001	0.002056	0.000015	0.000724	0.005321	0.000020	0.000052	0.001088	0.000052	0.010373	0.000459	0.004191
0.000014	0.000000	0.000000	0.000004	0.000184	0.000219	0.000565	0.000004	0.000712	0.000021	0.000044	0.000123	0.000162	0.000188	0.001153	0.000898	0.003673	0.000742	0.005624
0.000023	0.000003	0.000009	0.000000	0.000419	0.000111	0.000395	0.000029	0.000381	0.000032	0.000291	0.003319	0.000117	0.000227	0.000007	0.000337	0.001619	0.006569	0.000769
0.000034	0.000040	0.000000	0.000000	0.000333	0.000346	0.000306	0.000123	0.000084	0.000173	0.000003	0.000515	0.000035	0.000107	0.000169	0.000006	0.001185	0.000239	0.000023
0.000098	0.000042	0.000001	0.000001	0.000012	0.000001	0.000013	0.000003	0.000009	0.000023	0.000007	0.000015	0.000008	0.000020	0.000001	0.000012	0.000002	0.003647	0.000000
0.000108	0.000047	0.000002	0.000001	0.000002	0.000010	0.000002	0.000006	0.000002	0.000013	0.000009	0.000018	0.000006	0.000035	0.000003	0.000019	0.000001	0.000169	0.000088
0.000045	0.000049	0.000000	0.000000	0.000193	0.000186	0.000173	0.000143	0.000042	0.000110	0.000001	0.000491	0.000033	0.000137	0.000106	0.000011	0.000907	0.001022	0.000238
0.000014	0.000021	0.000010	0.000002	0.000224	0.000037	0.000459	0.000081	0.000057	0.000000	0.000088	0.001118	0.000254	0.000527	0.000129	0.000251	0.000003	0.000008	0.002820
0.000020	0.000017	0.000003	0.000000	0.000240	0.000041	0.000367	0.000057	0.000110	0.000001	0.000082	0.001087	0.000187	0.000672	0.000025	0.000352	0.000061	0.000008	0.002729
0.000047	0.000002	0.000000	0.000000	0.000085	0.000027	0.000134	0.000000	0.000000	0.000024	0.000000	0.000294	0.000120	0.000109	0.000000	0.000175	0.000097	0.006906	0.000770
0.000078	0.000014	0.000000	0.000001	0.000047	0.000005	0.000025	0.000001	0.000015	0.000017	0.000000	0.000001	0.000042	0.000000	0.000075	0.000008	0.000000	0.003603	0.000000
0.000096	0.000043	0.000000	0.000000	0.000000	0.000023	0.000007	0.000001	0.000004	0.000018	0.000008	0.000015	0.000023	0.000078	0.000022	0.000053	0.000075	0.003662	0.000000
0.001565	0.000089	0.000127	0.000030	0.021245	0.004706	0.000317	0.001808	0.007430	0.082199	0.044834	0.042396	0.008095	0.019278	0.032510	0.032354	0.003838	0.000205	0.006698
0.000046	0.000025	0.000010	0.000000	0.000008	0.000153	0.000002	0.000018	0.000171	0.000221	0.001101	0.001696	0.002393	0.001673	0.008205	0.000387	0.000632	0.000058	0.001818
0.000039	0.000009	0.000001	0.000003	0.000034	0.000143	0.000315	0.000073	0.000021	0.000996	0.001436	0.004840	0.000001	0.000145	0.000810	0.001026	0.000142	0.000134	0.000259
0.000062	0.000014	0.000003	0.000003	0.000010	0.000004	0.000040	0.000007	0.000004	0.000041	0.000007	0.000000	0.000000	0.000003	0.000676	0.000696	0.000157	0.000136	0.000049
0.000067	0.000018	0.000001	0.000002	0.000012	0.000005	0.000020	0.000001	0.000000	0.000039	0.000007	0.000000	0.000001	0.000000	0.000466	0.000521	0.000114	0.008159	0.001257
0.000075	0.000022	0.000000	0.000000	0.000013	0.000001	0.000013	0.000002	0.000013	0.000041	0.000016	0.000008	0.000002	0.000002	0.000574	0.000627	0.000062	0.000135	0.000057
0.000106	0.000042	0.000000	0.000000	0.000000	0.000024	0.000005	0.000001	0.000003	0.000009	0.000010	0.000026	0.000001	0.000052	0.000007	0.000062	0.000001	0.002815	0.003824
0.000107	0.000043	0.000001	0.000000	0.000000	0.000023	0.000003	0.000001	0.000001	0.000009	0.000010	0.000027	0.000001	0.000049	0.000010	0.000062	0.000000	0.001216	0.000353
0.016120	0.009880	0.000288	0.005281	0.015570	0.001776	0.000527	0.137722	0.021886	0.030404	0.022639	0.016907	0.000109	0.007857	0.006962	0.000559	0.018319	0.000101	0.000000
0.009405	0.008711	0.001023	0.007289	0.011842	0.001096	0.000236	0.110246	0.018066	0.015693	0.045332	0.022114	0.023809	0.009489	0.000147	0.014770	0.001132	0.000043	0.000041
0.009405	0.008711	0.001023	0.007289	0.011842	0.001096	0.000236	0.110246	0.018066	0.015693	0.045332	0.022114	0.023809	0.009489	0.000147	0.014770	0.001132	0.000043	0.000041
0.000003	0.000107	0.000001	0.000008	0.000023	0.000155	0.000004	0.001135	0.000320	0.000244	0.000418	0.000133	0.002101	0.003124	0.002343	0.007683	0.002802	0.000000	0.000047
0.000000	0.000092	0.000000	0.000009	0.000020	0.000073	0.000002	0.000484	0.000111	0.000039	0.000149	0.000017	0.002114	0.001939	0.002402	0.008539	0.000919	0.002671	0.001969
0.000038	0.000138	0.000002	0.000002	0.000005	0.000012	0.000001	0.000001	0.000010	0.000064	0.000102	0.000056	0.000013	0.001043	0.000650	0.000296	0.020368	0.001142	0.000191
0.000024	0.000024	0.000000	0.000007	0.000004	0.000093	0.000004	0.000333	0.000067	0.000001	0.000001	0.000058	0.002016	0.000035	0.005300	0.012990	0.012864	0.000005	0.000176
0.000108	0.000048	0.000001	0.000001	0.000000	0.000022	0.000000	0.000005	0.000001	0.000009	0.000007	0.000023	0.000016	0.000050	0.000008	0.000032	0.000005	0.001752	0.001811
0.022219	0.006592	0.000976	0.223364	0.092219	0.047375	0.008256	0.011510	0.001326	0.015590	0.001966	0.000931	0.006589	0.000261	0.023599	0.007717	0.000110	0.000001	0.004902
0.016339	0.003678	0.000347	0.211297	0.068269	0.023127	0.002103	0.020907	0.000440	0.007848	0.000787	0.001138	0.001599	0.005461	0.009095	0.000574	0.000920	0.000254	0.003514
0.003786	0.001846	0.001201	0.079527	0.000000	0.000485	0.020078	0.087889	0.030012	0.052266	0.012214	0.091279	0.007373	0.034115	0.000553	0.026519	0.000650	0.000019	0.000049
0.003106	0.000114	0.000302	0.031938	0.067941	0.028754	0.035281	0.022294	0.023444	0.098825	0.007342	0.074362	0.001881	0.013608	0.005410	0.018102	0.003003	0.000912	0.000563
0.252921	0.026250	0.000065	0.013165	0.029169	0.001274	0.005465	0.026005	0.018591	0.023983	0.020957	0.001394	0.147693	0.000498	0.001552	0.000127	0.002801	0.000066	0.000064
0.166979	0.054997	0.001634	0.004969	0.005075	0.017924	0.000381	0.000458	0.020832	0.015090	0.015300	0.000193	0.000283	0.068479	0.009017	0.011178	0.000308	0.000084	0.000179
0.000005	0.000007	0.000049	0.000018	0.000704	0.001508	0.000973	0.000046	0.000002	0.000511	0.000430	0.000025	0.000122	0.000555	0.000368	0.000733	0.000407	0.000210	0.000027
0.111948	0.101923	0.001514	0.000017	0.000077	0.011105	0.007785	0.014037	0.000624	0.001399	0.000429	0.000060	0.056690	0.000027	0.004510	0.015937	0.004499	0.000360	0.000004
0.097619	0.105305	0.004529	0.000635	0.000096	0.011075	0.019978	0.023956	0.014980	0.000079	0.000222	0.004698	0.034012	0.000283	0.014260	0.008442	0.014874	0.000200	0.000090
0.000134	0.000003	0.000732	0.000402	0.000336	0.000022	0.002850	0.001139	0.009322	0.000985	0.001052	0.003196	0.002616	0.000776	0.002557	0.001499	0.036112	0.000075	0.002504
0.000106	0.000011	0.000544	0.000297	0.000251	0.000020	0.001954	0.000967	0.006507	0.000966	0.000901	0.002761	0.001772	0.000822	0.002832	0.001900	0.037256	0.001707	0.007032
0.000648	0.001887	0.000621	0.000887	0.002659	0.025730	0.001140	0.000506	0.002204	0.001082	0.000070	0.001812	0.001371	0.001151	0.004663	0.002224	0.000247	0.000664	0.000002
0.000511	0.001779	0.000500	0.000754	0.002378	0.023902	0.001796	0.000651	0.001708	0.000791	0.000004	0.001125	0.001421	0.000708	0.003154	0.004402	0.000926	0.000448	0.000077
0.000400	0.001580	0.000263	0.000504	0.002786	0.023877	0.003245	0.000430	0.000146	0.000723	0.000110	0.001221	0.001579	0.000143	0.006544	0.002203	0.000855	0.000798	0.002762
0.000391	0.001572	0.000250	0.000488	0.002814	0.023845	0.003315	0.000422	0.000111	0.000712	0.000136	0.001257	0.001483	0.000113	0.006822	0.002040	0.000902	0.000372	0.003851
0.000059	0.000033	0.000002	0.000002	0.000009	0.000002	0.000079	0.000031	0.000023	0.000058	0.000010	0.000022	0.000003	0.000173	0.000109	0.000554	0.000247	0.000027	0.002790
0.000103	0.000047	0.000000	0.000000	0.000000	0.000023	0.000005	0.000007	0.000010	0.000009	0.000002	0.000013	0.000003	0.000037	0.000013	0.000006	0.000005	0.004572	0.003852
0.000066	0.000035	0.000000	0.000000	0.000015	0.000002	0.000047	0.000030	0.000001	0.000056	0.000002	0.000016	0.000007	0.000167	0.000150	0.000644	0.000207	0.000155	0.000079
0.000054	0.000000	0.000000	0.000009	0.000058	0.000012	0.000003	0.000509	0.000138	0.000373	0.000001	0.002224	0.000279	0.000324	0.000001	0.000046	0.006680	0.002078	0.002381
0.000056	0.000000	0.000000	0.000010	0.000057	0.000014	0.000001	0.000499	0.000158	0.000367	0.000001	0.002249	0.000301	0.000311	0.000002	0.000056	0.006751	0.000086	0.000013
0.000101	0.000015	0.000001	0.000005	0.000007	0.000040	0.000010	0.000260	0.000094	0.000073	0.000056	0.001028	0.000047	0.000259	0.000014	0.000449	0.002735	0.002071	0.002209
0.000064	0.000008	0.000000	0.000004	0.000026	0.000004	0.000003	0.000013	0.000014	0.000181	0.000009	0.000387	0.000170	0.000019	0.000018	0.000593	0.000832	0.000169	0.000065
0.000109	0.000048	0.000001	0.000001	0.000000	0.000018	0.000001	0.000005	0.000000	0.000009	0.000009	0.000016	0.000004	0.000030	0.000004	0.000026	0.000002	0.000166	0.000093
0.000002	0.000007	0.000082	0.000064	0.000220	0.000374	0.000473	0.000150	0.000169	0.000432	0.000169	0.000372	0.000000	0.000025	0.010240	0.000212	0.001933	0.001816	0.002645
0.000005	0.000004	0.000063	0.000048	0.000195	0.000289	0.000360	0.000159	0.000206	0.000352	0.000148	0.000253	0.000004	0.000011	0.009528	0.000274	0.002025	0.000022	0.003634
0.000036	0.000006	0.000028	0.000036	0.000000	0.000007	0.000013	0.000030	0.000027	0.000108	0.000040	0.000072	0.000307	0.000051	0.002235	0.000842	0.001232	0.002788	0.004320
0.000047	0.000006	0.000002	0.000000	0.000210	0.000098	0.000246	0.000021	0.000417	0.000126	0.000083	0.000403	0.000167	0.000004	0.002366	0.000066	0.000079	0.001786	0.002166
0.000094	0.000041	0.000000	0.000000	0.000001	0.000005	0.000009	0.000009	0.000000	0.000024	0.000016	0.000001	0.000000	0.000058	0.000004	0.000006	0.000004	0.000174	0.000084
0.000003	0.000014	0.000268	0.000224	0.000070	0.000001	0.000899	0.000746	0.005408	0.000006	0.000000	0.000030	0.003201	0.001551	0.061545	0.001163	0.000159	0.000006	0.003407
0.000081	0.000018	0.000014	0.000008	0.000013	0.000021	0.000152	0.000021	0.000576	0.000003	0.000000	0.000001	0.000133	0.000021	0.000076	0.000000	0.000025	0.000139	0.000068
0.000094	0.000029	0.000003	0.000001	0.000006	0.000034	0.000076	0.000006	0.000219	0.000005	0.000001	0.000010	0.000060	0.000016	0.000023	0.000012	0.000013	0.000023	0.002815
0.000098	0.000035	0.000001	0.000001	0.000004	0.000031	0.000048	0.000001	0.000167	0.000004	0.000001	0.000006	0.000018	0.000049	0.000080	0.000001	0.000007	0.001788	0.001865
0.000023	0.000003	0.000031	0.000052	0.000000	0.000002	0.000008	0.000142	0.000371	0.000000	0.000062	0.000001	0.007677	0.001708	0.070457	0.001771	0.000721	0.001240	0.000256
0.000028	0.000005	0.000021	0.000044	0.000000	0.000000	0.000000	0.000122	0.000241	0.000000	0.000098	0.000000	0.007629	0.001496	0.073560	0.001959	0.000650	0.006837	0.000654
0.007010	0.004288	0.001135	0.001866	0.009964	0.010550	0.008781	0.032442	0.000078	0.075540	0.000319	0.000768	0.136897	0.077368	0.003279	0.009766	0.001182	0.000534	0.000934
0.000094	0.000031	0.000000	0.000000	0.000000	0.000041	0.000002	0.000000	0.000007	0.000006	0.000001	0.000004	0.000006	0.000012	0.000035	0.000431	0.000055	0.000133	0.000098
0.000107	0.000038	0.000000	0.000001	0.000000	0.000025	0.000006	0.000002	0.000002	0.000010	0.000008	0.000064	0.000005	0.000023	0.000000	0.000062	0.000006	0.001261	0.000353
0.000082	0.000019	0.000002	0.000000	0.000002	0.000074	0.000006	0.000000	0.000043	0.000051	0.000120	0.000231	0.000162	0.000106	0.000489	0.000056	0.000160	0.000161	0.000179
0.000002	0.000753	0.000031	0.000083	0.000789	0.002186	0.000823	0.008320	0.006440	0.011806	0.013806	0.010361	0.001571	0.006163	0.023605	0.000576	0.012361	0.000121	0.001390
0.000085	0.000025	0.000003	0.000002	0.000012	0.000025	0.000006	0.000002	0.000059	0.000018	0.000046	0.000234	0.000020	0.000000	0.000122	0.000002	0.000214	0.001281	0.000463
0.000018	0.000058	0.000003	0.000008	0.000011	0.000201	0.000013	0.000119	0.000015	0.000054	0.000175	0.001331	0.004333	0.002593	0.006349	0.000341	0.001147	0.000432	0.005259
0.000107	0.000047	0.000001	0.000001	0.000000	0.000017	0.000001	0.000005	0.000000	0.000010	0.000011	0.000011	0.000005	0.000034	0.000003	0.000038	0.000000	0.001202	0.000356
0.000073	0.000019	0.000003	0.000000	0.000010	0.000131	0.000003	0.000401	0.000066	0.000016	0.000007	0.002342	0.002459	0.002223	0.008501	0.000967	0.000001	0.000012	0.002847
0.000042	0.000110	0.000029	0.000003	0.000000	0.000058	0.000002	0.000142	0.000105	0.000034	0.000185	0.000046	0.000361	0.000093	0.000308	0.002211	0.001223	0.000999	0.000479
0.000085	0.000013	0.000000	0.000007	0.000000	0.000033	0.000037	0.000001	0.000002	0.000019	0.000080	0.000018	0.000000	0.000000	0.000000	0.000044	0.000009	0.005497	0.007995
0.000069	0.000001	0.000000	0.000006	0.000138	0.000537	0.000004	0.000007	0.000036	0.000051	0.000069	0.000037	0.000202	0.000092	0.000019	0.000201	0.000083	0.003708	0.000010
0.000083	0.000030	0.000002	0.000001	0.000001	0.000016	0.000038	0.000002	0.000007	0.000027	0.000007	0.000036	0.000078	0.000195	0.001199	0.000149	0.000006	0.000028	0.002862
0.000094	0.000035	0.000000	0.000000	0.000000	0.000032	0.000013	0.000002	0.000003	0.000014	0.000012	0.000047	0.000104	0.000180	0.000896	0.000145	0.000000	0.000384	0.004979
0.000100	0.000044	0.000000	0.000000	0.000002	0.000008	0.000006	0.000008	0.000000	0.000019	0.000006	0.000012	0.000002	0.000040	0.000010	0.000022	0.000004	0.000170	0.000084
0.000023	0.000000	0.000167	0.000110	0.000134	0.000022	0.000752	0.000161	0.003128	0.000002	0.000034	0.000000	0.000002	0.000521	0.001010	0.000043	0.000007	0.000331	0.004654
0.000105	0.000043	0.000001	0.000002	0.000001	0.000013	0.000001	0.000004	0.000002	0.000007	0.000026	0.000029	0.000010	0.000036	0.000008	0.000082	0.000011	0.001209	0.000361
0.000055	0.000010	0.000037	0.000030	0.000028	0.000031	0.000166	0.000037	0.000778	0.000006	0.000006	0.000004	0.000071	0.000451	0.001586	0.000053	0.000000	0.000796	0.006276
0.000070	0.000018	0.000015	0.000014	0.000017	0.000030	0.000068	0.000017	0.000421	0.000004	0.000001	0.000014	0.000059	0.000301	0.001185	0.000080	0.000000	0.000787	0.006352
0.000100	0.000039	0.000000	0.000000	0.000001	0.000026	0.000008	0.000001	0.000014	0.000007	0.000006	0.000012	0.000011	0.000060	0.000007	0.000015	0.000000	0.000032	0.002726
0.000107	0.000047	0.000001	0.000001	0.000000	0.000014	0.000002	0.000006	0.000000	0.000011	0.000008	0.000013	0.000005	0.000044	0.000004	0.000015	0.000001	0.003669	0.000000
0.000069	0.000014	0.000027	0.000018	0.000022	0.000021	0.000196	0.000012	0.000763	0.000005	0.000004	0.000000	0.000061	0.000053	0.000076	0.000001	0.000011	0.000144	0.000069
0.001837	0.001053	0.002958	0.001413	0.000910	0.000356	0.000072	0.030330	0.018599	0.006832	0.066519	0.000176	0.000546	0.040535	0.001974	0.005627	0.027359	0.000002	0.000583
0.000076	0.000019	0.000007	0.000007	0.000010	0.000038	0.000082	0.000005	0.000181	0.000024	0.000002	0.000023	0.000091	0.000107	0.000029	0.000086	0.000040	0.000798	0.006289
0.000101	0.000041	0.000000	0.000000	0.000000	0.000025	0.000008	0.000002	0.000009	0.000013	0.000000	0.000044	0.000001	0.000054	0.000000	0.000042	0.000000	0.000029	0.002734
0.000085	0.000025	0.000003	0.000003	0.000006	0.000032	0.000043	0.000001	0.000091	0.000017	0.000017	0.000006	0.000040	0.000079	0.000013	0.000050	0.000031	0.001227	0.000320
0.000101	0.000039	0.000000	0.000000	0.000000	0.000020	0.000003	0.000002	0.000001	0.000020	0.000025	0.000027	0.000018	0.000066	0.000049	0.000182	0.000034	0.000155	0.000087
0.000076	0.000026	0.000000	0.000000	0.000039	0.000039	0.000068	0.000004	0.000000	0.000067	0.000010	0.000006	0.000003	0.000003	0.000024	0.000033	0.000000	0.000171	0.000060
0.000076	0.000026	0.000000	0.000000	0.000039	0.000039	0.000068	0.000004	0.000000	0.000067	0.000010	0.000006	0.000003	0.000003	0.000024	0.000033	0.000000	0.000171	0.000060
0.001493	0.001427	0.003721	0.001030	0.000759	0.000785	0.000094	0.032683	0.014832	0.008386	0.066448	0.000185	0.001193	0.041653	0.000484	0.006235	0.028713	0.002259	0.000350
0.000094	0.000035	0.000000	0.000000	0.000001	0.000008	0.000007	0.000013	0.000015	0.000004	0.000003	0.000001	0.000045	0.000050	0.000010	0.000009	0.000000	0.001702	0.001791
0.001398	0.001514	0.003839	0.000986	0.000679	0.000948	0.000166	0.032001	0.015505	0.008338	0.067690	0.000406	0.000738	0.043886	0.000453	0.004966	0.028308	0.002349	0.001390
0.000005	0.000041	0.000417	0.000148	0.000046	0.000158	0.003723	0.000678	0.009794	0.000000	0.000183	0.000096	0.003459	0.000004	0.000638	0.000306	0.001380	0.000003	0.003740
0.000111	0.000048	0.000002	0.000001	0.000000	0.000018	0.000000	0.000006	0.000001	0.000009	0.000010	0.000019	0.000006	0.000035	0.000003	0.000020	0.000001	0.001196	0.000366
0.000109	0.000046	0.000001	0.000001	0.000000	0.000015	0.000000	0.000005	0.000000	0.000008	0.000010	0.000017	0.000004	0.000032	0.000002	0.000017	0.000001	0.000169	0.000094
0.000110	0.000048	0.000002	0.000001	0.000000	0.000017	0.000000	0.000006	0.000000	0.000008	0.000010	0.000018	0.000005	0.000034	0.000003	0.000017	0.000001	0.003671	0.000000
0.000110	0.000048	0.000002	0.000001	0.000000	0.000019	0.000000	0.000006	0.000000	0.000008	0.000010	0.000018	0.000005	0.000033	0.000003	0.000019	0.000001	0.000033	0.002705
0.000102	0.000041	0.000001	0.000001	0.000007	0.000000	0.000006	0.000006	0.000000	0.000016	0.000006	0.000011	0.000001	0.000026	0.000002	0.000011	0.000001	0.001192	0.000346
0.000111	0.000049	0.000002	0.000001	0.000000	0.000016	0.000000	0.000006	0.000001	0.000009	0.000010	0.000016	0.000005	0.000032	0.000002	0.000017	0.000001	0.000406	0.005095
0.000103	0.000042	0.000001	0.000001	0.000005	0.000001	0.000004	0.000006	0.000000	0.000015	0.000006	0.000012	0.000002	0.000029	0.000003	0.000012	0.000000	0.000170	0.000086
0.000009	0.000029	0.000379	0.000134	0.000079	0.000061	0.003377	0.000632	0.009286	0.000001	0.000158	0.000072	0.003129	0.000008	0.000635	0.000264	0.001318	0.002094	0.002600
0.000076	0.000011	0.000021	0.000007	0.000001	0.000001	0.000283	0.000055	0.000748	0.000004	0.000001	0.000003	0.000217	0.000017	0.000100	0.000011	0.000065	0.003463	0.000005
0.000037	0.000000	0.000090	0.000024	0.000028	0.000014	0.000960	0.000087	0.002203	0.000001	0.000019	0.000011	0.000766	0.000018	0.000054	0.000125	0.000471	0.000019	0.003200
0.000055	0.000007	0.000033	0.000005	0.000014	0.000002	0.000435	0.000017	0.000792	0.000003	0.000001	0.000000	0.000260	0.000025	0.000000	0.000049	0.000242	0.000152	0.000043
0.000086	0.000023	0.000006	0.000002	0.000002	0.000005	0.000108	0.000007	0.000322	0.000004	0.000000	0.000001	0.000082	0.000026	0.000094	0.000000	0.000026	0.000791	0.006316
0.000071	0.000024	0.000000	0.000002	0.000000	0.000029	0.000000	0.000002	0.000049	0.000053	0.000000	0.000099	0.000254	0.000227	0.000937	0.000064	0.000039	0.000159	0.000094
0.000098	0.000047	0.000000	0.000000	0.000001	0.000027	0.000006	0.000006	0.000012	0.000011	0.000000	0.000025	0.000027	0.000068	0.000003	0.000009	0.000024	0.000002	0.012889
0.000084	0.000065	0.000000	0.000000	0.000001	0.000031	0.000000	0.000011	0.000001	0.000039	0.000007	0.000032	0.000250	0.000149	0.000322	0.000034	0.000006	0.004570	0.003943
0.000073	0.000033	0.000000	0.000002	0.000010	0.000004	0.000009	0.000000	0.000018	0.000056	0.000000	0.000048	0.000401	0.000177	0.000385	0.000999	0.000107	0.000131	0.000079
0.000087	0.000041	0.000000	0.000003	0.000002	0.000016	0.000001	0.000001	0.000006	0.000032	0.000006	0.000026	0.000196	0.000086	0.000176	0.000838	0.000041	0.001286	0.000344
0.000088	0.000041	0.000000	0.000003	0.000002	0.000016	0.000001	0.000001	0.000005	0.000031	0.000007	0.000025	0.000189	0.000086	0.000156	0.000826	0.000040	0.000137	0.000083
0.000111	0.000048	0.000002	0.000001	0.000000	0.000021	0.000000	0.000006	0.000001	0.000009	0.000009	0.000019	0.000007	0.000039	0.000001	0.000023	0.000001	0.000751	0.006540
0.000111	0.000049	0.000002	0.000001	0.000000	0.000020	0.000000	0.000007	0.000001	0.000008	0.000010	0.000017	0.000006	0.000035	0.000003	0.000018	0.000001	0.000169	0.000095
0.000097	0.000042	0.000000	0.000001	0.000005	0.000006	0.000006	0.000003	0.000007	0.000021	0.000001	0.000036	0.000072	0.000088	0.000014	0.000045	0.000026	0.008022	0.001113
0.000098	0.000034	0.000000	0.000000	0.000000	0.000021	0.000014	0.000000	0.000023	0.000012	0.000004	0.000016	0.000008	0.000050	0.000003	0.000031	0.000000	0.000779	0.006446
0.000104	0.000041	0.000000	0.000000	0.000000	0.000025	0.000008	0.000000	0.000013	0.000008	0.000006	0.000024	0.000005	0.000048	0.000001	0.000031	0.000000	0.000158	0.000089
0.000105	0.000041	0.000000	0.000000	0.000000	0.000025	0.000007	0.000000	0.000012	0.000008	0.000007	0.000023	0.000005	0.000049	0.000001	0.000033	0.000000	0.003618	0.000000
0.000111	0.000049	0.000002	0.000001	0.000000	0.000021	0.000000	0.000006	0.000001	0.000008	0.000010	0.000019	0.000006	0.000034	0.000003	0.000018	0.000001	0.000168	0.000095
0.000111	0.000049	0.000002	0.000001	0.000000	0.000020	0.000000	0.000007	0.000001	0.000008	0.000010	0.000018	0.000007	0.000034	0.000002	0.000018	0.000001	0.003667	0.000000
0.000105	0.000042	0.000001	0.000001	0.000001	0.000016	0.000002	0.000004	0.000000	0.000012	0.000007	0.000012	0.000010	0.000036	0.000001	0.000020	0.000000	0.000166	0.000090
0.000107	0.000043	0.000001	0.000001	0.000001	0.000015	0.000001	0.000006	0.000000	0.000011	0.000008	0.000011	0.000012	0.000039	0.000003	0.000016	0.000000	0.000406	0.005083
0.000107	0.000044	0.000001	0.000001	0.000001	0.000015	0.000001	0.000006	0.000000	0.000011	0.000008	0.000011	0.000011	0.000037	0.000003	0.000016	0.000000	0.000752	0.006513
0.000111	0.000049	0.000002	0.000001	0.000000	0.000020	0.000000	0.000007	0.000001	0.000008	0.000010	0.000019	0.000007	0.000036	0.000003	0.000019	0.000001	0.003668	0.000000
0.000110	0.000047	0.000001	0.000001	0.000000	0.000021	0.000000	0.000005	0.000000	0.000009	0.000010	0.000020	0.000005	0.000031	0.000001	0.000023	0.000000	0.002838	0.003781
0.000110	0.000048	0.000001	0.000001	0.000000	0.000021	0.000000	0.000005	0.000000	0.000009	0.000010	0.000020	0.000005	0.000031	0.000001	0.000023	0.000000	0.000166	0.000093
0.000302	0.001479	0.004930	0.001819	0.003928	0.000052	0.043338	0.013272	0.129753	0.000326	0.004120	0.000404	0.031440	0.000874	0.011389	0.003844	0.017831	0.000027	0.000231
0.000008	0.000254	0.001142	0.000451	0.000378	0.000027	0.009177	0.003913	0.029095	0.000043	0.000947	0.000033	0.004869	0.000393	0.004076	0.000105	0.004585	0.000085	0.003346
0.000011	0.000046	0.000600	0.000323	0.000498	0.000102	0.004504	0.001274	0.020345	0.000028	0.000243	0.000336	0.006452	0.000009	0.002985	0.000311	0.001678	0.000041	0.000002
0.000074	0.000009	0.000033	0.000017	0.000032	0.000028	0.000282	0.000054	0.001368	0.000001	0.000004	0.000001	0.000324	0.000029	0.000316	0.000009	0.000120	0.000133	0.000058
0.000097	0.000039	0.000000	0.000000	0.000000	0.000016	0.000017	0.000001	0.000027	0.000012	0.000003	0.000011	0.000002	0.000052	0.000025	0.000003	0.000006	0.002837	0.003833
0.000111	0.000049	0.000002	0.000001	0.000000	0.000020	0.000000	0.000006	0.000001	0.000008	0.000010	0.000018	0.000006	0.000034	0.000003	0.000019	0.000001	0.000034	0.002703
0.000108	0.000045	0.000003	0.000001	0.000000	0.000023	0.000000	0.000007	0.000000	0.000018	0.000010	0.000031	0.000004	0.000050	0.000000	0.000016	0.000000	0.000168	0.000091
0.000072	0.000048	0.000000	0.000000	0.000000	0.000015	0.000004	0.000041	0.000007	0.000009	0.000108	0.000050	0.001429	0.001631	0.000468	0.000720	0.000088	0.001511	0.001582
0.000046	0.000003	0.000043	0.000004	0.000008	0.000000	0.000750	0.000797	0.000778	0.000147	0.000007	0.000610	0.000427	0.000045	0.000054	0.002437	0.001168	0.000168	0.004030
0.000072	0.000007	0.000010	0.000000	0.000017	0.000011	0.000225	0.000079	0.000117	0.000051	0.000015	0.000072	0.000062	0.000002	0.000065	0.000153	0.000020	0.000309	0.004604
0.000098	0.000029	0.000000	0.000002	0.000006	0.000002	0.000005	0.000002	0.000003	0.000029	0.000022	0.000069	0.000006	0.000003	0.000043	0.000060	0.000008	0.013055	0.002661
0.000092	0.000028	0.000001	0.000000	0.000009	0.000000	0.000072	0.000003	0.000017	0.000023	0.000008	0.000024	0.000011	0.000020	0.000000	0.000044	0.000029	0.003571	0.000002
0.000109	0.000045	0.000001	0.000001	0.000000	0.000018	0.000002	0.000003	0.000000	0.000009	0.000010	0.000021	0.000004	0.000031	0.000002	0.000031	0.000001	0.001763	0.001830
0.000105	0.000040	0.000000	0.000000	0.000000	0.000025	0.000013	0.000000	0.000029	0.000007	0.000008	0.000013	0.000002	0.000020	0.000003	0.000030	0.000000	0.002790	0.003829
0.000079	0.000008	0.000004	0.000001	0.000001	0.000053	0.000160	0.000282	0.000263	0.000061	0.000004	0.000422	0.000106	0.000000	0.000006	0.001709	0.000822	0.000036	0.013940
0.000099	0.000025	0.000001	0.000002	0.000004	0.000032	0.000007	0.000106	0.000009	0.000062	0.000011	0.000472	0.000000	0.000031	0.000002	0.001742	0.000710	0.002002	0.002077
0.000075	0.000038	0.000014	0.000056	0.000141	0.000024	0.000067	0.000030	0.000035	0.000042	0.000049	0.000351	0.000005	0.000318	0.000107	0.000749	0.000351	0.004071	0.000000
0.000092	0.000042	0.000007	0.000004	0.000006	0.000006	0.000010	0.000025	0.000002	0.000006	0.000008	0.000052	0.000002	0.000011	0.000146	0.000029	0.000009	0.001695	0.001850
0.000100	0.000046	0.000003	0.000004	0.000005	0.000009	0.000004	0.000018	0.000005	0.000001	0.000002	0.000037	0.000010	0.000062	0.000050	0.000003	0.000026	0.000041	0.002727
0.000103	0.000045	0.000004	0.000001	0.000000	0.000015	0.000002	0.000011	0.000000	0.000018	0.000021	0.000029	0.000018	0.000002	0.000011	0.000008	0.000010	0.001195	0.000359
0.000057	0.000007	0.000039	0.000022	0.000004	0.000003	0.000451	0.000026	0.000880	0.000026	0.000001	0.000003	0.000382	0.000068	0.000026	0.000013	0.000110	0.002705	0.004179
0.000080	0.000025	0.000002	0.000001	0.000005	0.000000	0.000078	0.000001	0.000020	0.000044	0.000010	0.000008	0.000024	0.000085	0.000000	0.000035	0.000017	0.000164	0.000063
0.000084	0.000028	0.000001	0.000001	0.000003	0.000001	0.000066	0.000001	0.000025	0.000034	0.000009	0.000004	0.000025	0.000061	0.000001	0.000028	0.000018	0.001759	0.001952
0.000108	0.000045	0.000001	0.000000	0.000000	0.000021	0.000003	0.000004	0.000003	0.000008	0.000009	0.000014	0.000000	0.000024	0.000002	0.000023	0.000000	0.001760	0.001833
0.000001	0.000106	0.000896	0.000446	0.000821	0.000354	0.007019	0.002060	0.026688	0.000216	0.000898	0.000895	0.006841	0.000002	0.002826	0.000223	0.001128	0.000015	0.000006
0.000102	0.000033	0.000003	0.000002	0.000001	0.000035	0.000002	0.000002	0.000019	0.000009	0.000005	0.000043	0.000016	0.000011	0.000017	0.000001	0.000000	0.003655	0.000002
0.000027	0.000003	0.000335	0.000161	0.000319	0.000166	0.002635	0.000554	0.010783	0.000015	0.000185	0.000171	0.002518	0.000065	0.001777	0.000022	0.000348	0.000063	0.000022
0.000047	0.000002	0.000142	0.000070	0.000144	0.000108	0.001170	0.000192	0.004823	0.000002	0.000089	0.000057	0.000861	0.000104	0.001081	0.000017	0.000102	0.000007	0.003022
