9.270453
0.593526
0.614560
0.851546
0.652350
0.652350
0.793095
0.760275
0.793095
0.793095
0.634452
0.746659
0.605937
0.682160
0.596002
0.740109
0.801132
0.438417
0.500564
0.823625
0.744127
0.620249
0.712417
0.741881
0.671544
0.598354
0.710229
0.721473
0.645319
0.577868
0.351857
0.525019
0.589407
0.854075
0.861417
0.730329
0.816746
0.631224
0.713266
0.615867
0.840747
0.804194
0.847142
0.695889
0.857872
0.795781
0.852390
0.858843
0.818449
0.844122
0.566237
0.622036
0.859639
0.844797
0.702908
0.823357
0.822818
0.793922
0.731976
0.843035
0.750314
0.501640
0.850968
0.583446
0.824055
0.718345
0.788093
0.818205
0.823994
0.833609
0.767938
0.672189
0.726363
0.812606
0.841604
0.775225
0.819758
0.552700
0.556737
0.649733
0.748465
0.850614
0.855475
1.395359
11.409175
7.058125
0.669728
0.819432
2.925883
0.750633
0.744221
0.777088
0.626454
0.812727
0.738577
0.648487
0.765796
0.648479
0.557871
0.829900
0.803302
0.641410
12.391886
0.743539
11.960358
0.422919
0.479652
0.573888
0.677963
0.305954
0.650288
0.646152
0.699452
0.659891
0.739829
0.775644
1.795483
0.573085
0.831311
0.757951
0.660888
0.850591
0.833582
0.822977
0.754624
0.818915
0.837157
0.855285
0.861957
0.857431
0.860470
0.627688
0.798152
0.523295
0.738014
0.653975
0.715171
0.828716
0.858435
0.849186
0.813016
0.747845
8.070640
1.180317
0.578275
0.794133
0.862049
0.854619
0.819703
0.846487
4.354443
0.731872
0.841072
0.812847
0.729438
0.815624
0.822821
0.850874
44.388561
0.495846
0.803995
5.262011
0.582074
0.727297
0.693819
0.740660
0.522768
0.805568
0.564188
0.854843
0.819204
0.813553
0.531600
0.856415
0.761309
0.789860
0.799304
0.707357
0.843690
0.724580
48.878668
1.039547
0.753294
1.365324
0.834050
0.388115
0.409657
0.630194
0.521876
0.808983
0.564473
0.805837
0.742596
0.710375
0.736628
0.779857
5.682881
1.077902
0.669332
0.767921
0.650801
0.652511
0.749944
0.527455
0.730517
0.572190
0.847933
0.858381
0.637867
0.668574
0.802517
0.672897
0.743269
0.775398
0.775398
0.531901
0.827360
0.720979
0.757756
0.803845
0.829062
0.826049
0.737895
0.758199
0.752147
0.450317
0.848242
0.579726
0.774319
0.798791
0.842190
0.724476
0.846622
0.737789
0.342373
0.737314
0.783289
0.846782
0.826589
0.845175
0.517217
24.969449
18.958344
15.289080
0.747502
0.725779
0.801007
0.727736
0.850204
0.852729
0.511437
0.712596
0.647052
0.653625
0.669174
651.727018
486.734921
0.532928
12.840766
0.417519
5.998173
2.766146
1.002722
0.315580
0.655489
0.776876
0.842740
0.535588
0.806044
123.801516
15.090225
0.620165
40.084562
3.462855
0.460916
0.409580
0.835065
0.846437
0.624626
0.652672
0.639212
0.418800
0.518617
0.712349
3.258191
0.601355
2.316773
0.771360
5.752618
0.671014
0.881394
0.671670
4.013936
0.561660
0.689654
0.644341
2.659511
1.675986
1283.149762
475.566059
3.490641
1.139436
0.908258
0.649892
0.655410
0.679519
0.782192
0.759979
138.559835
2.846589
0.794321
0.685659
0.749313
0.847769
1.808308
0.589233
0.641182
0.779867
0.688006
0.386300
0.460923
0.696788
0.585133
0.606422
0.606422
0.836916
0.836916
0.749589
0.749589
2.294100
0.654980
0.654980
0.719571
0.719571
0.871627
0.871627
0.906222
0.906222
0.660071
0.709702
0.634655
0.732425
3.834729
0.463475
0.536002
0.536002
0.624588
0.624588
2.206084
0.692481
0.692481
0.827923
0.827923
0.777165
0.777165
68.758711
4.797463
3.952302
0.810314
0.743970
0.781038
0.585335
0.792739
1.169301
0.687054
0.611393
0.731402
0.757093
0.450794
0.515725
0.496340
0.550819
0.715936
0.514309
4.798415
1.930809
0.729929
1.263480
0.568673
0.641607
0.762602
249.528805
26.196772
7.189960
0.840186
2.703684
2.559781
0.773865
0.494993
0.622355
0.796418
0.748710
0.403871
0.400525
0.458122
0.782463
0.808778
2.310725
0.725970
0.606244
0.812876
78.566967
1.301721
0.833439
1.305720
71.963836
58.576732
0.796617
0.806693
0.783775
0.814682
0.831107
0.561799
0.731038
0.580920
12.262520
0.737097
0.408291
0.517133
99.411769
1.271916
0.388675
0.510227
0.571174
0.757107
0.832340
0.554217
0.338514
0.361319
0.401308
0.593528
0.745650
27.356150
0.580667
0.605473
0.481791
0.511084
0.574862
0.812730
0.822959
155.882855
104.413077
104.413077
0.489885
0.307490
0.539119
0.379010
0.838327
343.040386
276.625800
99.699561
86.619702
1846.006780
1267.760279
0.866146
939.496220
850.381326
3.625076
2.753792
15.107743
13.394973
12.214854
12.129826
0.498531
0.801234
0.538452
0.561601
0.573349
0.822801
0.497173
0.844989
0.477443
0.417539
0.345260
0.535509
0.729361
1.424626
0.704421
0.752699
0.770232
0.673493
0.693439
74.936508
0.716367
0.817481
0.647340
5.015693
0.664467
0.417113
0.823393
0.754666
0.536252
0.638788
0.660062
0.650613
0.732150
0.773485
0.841997
0.807862
0.574847
0.611610
0.771190
0.825449
0.652065
26.157924
0.616153
0.777362
0.665327
0.775763
0.609673
0.609673
24.772526
0.717749
24.357709
2.210722
0.856796
0.841040
0.852054
0.852318
0.782429
0.855185
0.788987
2.051914
0.694611
0.745227
0.581672
0.696580
0.559091
0.765749
0.696937
0.586215
0.684882
0.689820
0.856232
0.861987
0.751033
0.749033
0.800126
0.804560
0.861775
0.860356
0.807173
0.820354
0.822120
0.861651
0.849697
0.850907
31.485618
6.423103
3.792136
0.763654
0.752318
0.861926
0.837722
0.624045
0.694268
0.597432
0.737785
0.709455
0.837797
0.805029
0.685332
0.777430
0.709663
0.726579
0.782966
0.802042
0.625636
0.625832
0.652712
0.833220
5.397745
0.777975
2.199625
1.218076
