0.021332
0.058177
0.062789
0.105490
0.063061
0.063061
0.100191
0.087799
0.100191
0.100191
0.069031
0.086449
0.026249
0.079834
0.058499
0.086666
0.098658
0.031502
0.043930
0.104111
0.092778
0.084862
0.088747
0.086256
0.080878
0.064315
0.077752
0.091461
0.048575
0.050321
0.021503
0.035398
0.062441
0.105149
0.106651
0.088050
0.103915
0.073968
0.089747
0.063263
0.102638
0.096090
0.104775
0.077703
0.105437
0.095932
0.105327
0.106233
0.098323
0.103955
0.056362
0.064315
0.106464
0.103022
0.080698
0.097576
0.100584
0.096415
0.085241
0.103118
0.088793
0.043443
0.105877
0.060463
0.097317
0.088752
0.090054
0.101756
0.021846
0.102451
0.065518
0.073938
0.086921
0.096339
0.103225
0.091371
0.099327
0.058456
0.059710
0.071618
0.095748
0.105242
0.105418
0.004370
0.319097
0.075091
0.087174
0.098678
0.012694
0.089692
0.018958
0.092460
0.056506
0.100954
0.083706
0.040482
0.092909
0.049751
0.057043
0.103108
0.096934
0.071507
0.025991
0.082161
0.020070
0.007410
0.046748
0.064057
0.083921
0.008663
0.060560
0.067548
0.081187
0.071956
0.086930
0.090301
0.000987
0.051567
0.103972
0.088470
0.079894
0.098037
0.102910
0.103191
0.095599
0.099703
0.103685
0.104836
0.106873
0.105936
0.106903
0.076416
0.094882
0.053967
0.086874
0.098952
0.085488
0.100951
0.106294
0.104381
0.101080
0.083189
0.000704
0.037002
0.086169
0.095311
0.106630
0.106067
0.099503
0.104386
0.062925
0.088929
0.102233
0.099692
0.084384
0.096483
0.101670
0.104848
0.205415
0.056040
0.097600
0.068097
0.065327
0.091446
0.078441
0.086274
0.048129
0.094474
0.056798
0.105533
0.098319
0.098078
0.051012
0.106004
0.091581
0.092457
0.096816
0.084360
0.103593
0.087540
0.116011
0.040045
0.092489
0.045693
0.102817
0.010705
0.047076
0.080348
0.066305
0.097482
0.058458
0.099115
0.085166
0.083768
0.085058
0.091446
0.083094
0.029174
0.080064
0.092961
0.081402
0.084036
0.091770
0.032138
0.096530
0.072468
0.104003
0.106206
0.079540
0.084432
0.101075
0.080271
0.095635
0.098628
0.098628
0.055576
0.104257
0.089166
0.095889
0.099733
0.104028
0.102474
0.093643
0.096877
0.085494
0.028555
0.104003
0.066022
0.093058
0.100644
0.101401
0.088499
0.103630
0.091727
0.028426
0.092518
0.095450
0.105240
0.101323
0.104334
0.049418
0.183521
0.076887
0.031868
0.092862
0.090173
0.101305
0.082537
0.105846
0.105801
0.042112
0.087351
0.085034
0.084172
0.087033
7.500689
3.878731
0.060280
0.157676
0.049155
0.140675
0.010645
0.060548
0.011262
0.074942
0.094080
0.104279
0.053978
0.099188
1.090181
0.137156
0.065379
0.119688
0.259093
0.007339
0.013557
0.096075
0.103031
0.036744
0.071532
0.060152
0.036744
0.056017
0.074892
0.029998
0.062565
0.038794
0.096871
0.043949
0.083782
0.028717
0.060495
0.063934
0.063347
0.085997
0.080729
0.037565
0.024543
134.682096
71.666621
0.545660
0.172782
0.121544
0.069843
0.037813
0.047658
0.090627
0.090033
25.829018
0.162048
0.097348
0.066514
0.081206
0.105080
0.066024
0.038563
0.043929
0.095210
0.081535
0.026573
0.033503
0.085040
0.012917
0.014488
0.014488
0.102891
0.102891
0.083410
0.083410
0.300232
0.061951
0.061951
0.057562
0.057562
0.024049
0.024049
0.079074
0.079074
0.068265
0.076550
0.062926
0.079705
1.021620
0.028556
0.041119
0.041119
0.061354
0.061354
0.336518
0.079223
0.079223
0.102110
0.102110
0.093554
0.093554
4.434336
0.199798
0.145235
0.102319
0.097714
0.093813
0.015098
0.094320
0.010889
0.090617
0.056133
0.093935
0.087678
0.044165
0.052039
0.044310
0.057573
0.087175
0.044282
0.265721
0.012229
0.082851
0.038740
0.054511
0.079259
0.096867
6.146899
0.441820
0.013248
0.101675
0.012199
0.031010
0.090263
0.061916
0.078455
0.099388
0.095052
0.014343
0.014927
0.036881
0.094781
0.098913
0.077160
0.093693
0.053173
0.103886
1.194586
0.038374
0.101423
0.041919
0.959349
0.463886
0.066934
0.053474
0.092266
0.097932
0.101206
0.023080
0.079009
0.034293
0.233820
0.005992
0.006055
0.070594
6.314703
0.019467
0.013559
0.027314
0.035044
0.092861
0.103147
0.044928
0.007454
0.008417
0.026887
0.057308
0.085965
1.415669
0.064951
0.054059
0.049611
0.053617
0.059692
0.101244
0.102143
26.067905
14.391468
14.391468
0.145580
0.077208
0.000399
0.006026
0.101813
17.536073
12.763960
3.387927
2.147084
271.930183
195.184845
0.019505
145.670569
127.371857
0.392782
0.352497
0.624944
0.476084
0.393397
0.384623
0.053744
0.100534
0.058471
0.019933
0.020487
0.076979
0.033712
0.105562
0.013802
0.011560
0.028888
0.037449
0.090909
0.036782
0.091722
0.099187
0.103058
0.034960
0.034239
5.024064
0.084615
0.102122
0.082113
0.011063
0.082624
0.011024
0.101054
0.044868
0.046870
0.083268
0.076933
0.073626
0.083956
0.095373
0.033453
0.100360
0.056534
0.070331
0.096414
0.103489
0.075939
0.717412
0.072471
0.097915
0.080386
0.090531
0.080253
0.080253
0.509746
0.089297
0.449458
0.041235
0.106641
0.105591
0.106483
0.106260
0.101397
0.106694
0.101848
0.046118
0.093383
0.061253
0.068731
0.097241
0.056171
0.094420
0.081613
0.060623
0.072342
0.073182
0.105911
0.106899
0.093978
0.095737
0.100863
0.101498
0.107000
0.106656
0.101847
0.103456
0.103785
0.106821
0.105518
0.105558
0.033914
0.006582
0.064223
0.093587
0.096426
0.107074
0.104444
0.066202
0.054129
0.075824
0.091359
0.094711
0.105587
0.103944
0.081269
0.090798
0.085638
0.089605
0.097739
0.098528
0.067619
0.078677
0.082984
0.105097
0.039334
0.100251
0.071963
0.081228
