0.036187
0.060220
0.063588
0.095270
0.053182
0.053182
0.090303
0.083570
0.090303
0.090303
0.068720
0.080898
0.019037
0.078789
0.037371
0.081852
0.090461
0.029710
0.040325
0.093368
0.084300
0.072863
0.081346
0.082791
0.074668
0.062839
0.077332
0.080110
0.000220
0.059396
0.025299
0.044885
0.066410
0.095039
0.096051
0.080192
0.093226
0.071918
0.084041
0.068238
0.093625
0.089746
0.094765
0.077921
0.095383
0.089450
0.095288
0.095862
0.091088
0.094474
0.063159
0.069680
0.096021
0.094265
0.080191
0.090815
0.092626
0.088905
0.083992
0.094350
0.085908
0.051816
0.095455
0.064534
0.088441
0.084501
0.086151
0.092909
0.031178
0.092822
0.064623
0.073196
0.081726
0.089647
0.093717
0.084721
0.091207
0.063252
0.064111
0.073070
0.088662
0.095152
0.095322
0.006345
0.220083
0.047844
0.075310
0.088542
0.018898
0.083085
0.025649
0.086364
0.053563
0.092010
0.078086
0.028132
0.084787
0.034699
0.061215
0.093751
0.089282
0.072524
0.177255
0.081945
0.171010
0.002838
0.052781
0.065218
0.081072
0.016438
0.060735
0.068156
0.079554
0.072360
0.083413
0.084464
0.000924
0.049437
0.093764
0.082200
0.071291
0.089286
0.093118
0.092500
0.084511
0.091820
0.094364
0.094971
0.096201
0.095538
0.096229
0.063977
0.088424
0.040021
0.082583
0.067292
0.081396
0.091848
0.095821
0.094807
0.092529
0.082297
0.000494
0.041863
0.071206
0.088876
0.096070
0.095665
0.091616
0.094583
0.043932
0.083061
0.093351
0.091235
0.081739
0.090306
0.092744
0.094997
0.018877
0.064592
0.090774
0.068323
0.068717
0.085758
0.078246
0.082178
0.057512
0.088190
0.064136
0.095430
0.090811
0.090896
0.056894
0.095514
0.083918
0.087286
0.089777
0.082062
0.093874
0.084407
0.005866
0.039702
0.086009
0.056349
0.094157
0.006558
0.056493
0.080461
0.069943
0.090102
0.058762
0.090566
0.083604
0.074657
0.083960
0.087303
0.000260
0.042084
0.081454
0.087607
0.079943
0.083180
0.086614
0.043708
0.090402
0.074891
0.094328
0.095810
0.079904
0.082746
0.093159
0.080491
0.090046
0.091695
0.091695
0.064398
0.094661
0.085538
0.089989
0.092169
0.094689
0.094073
0.089002
0.090761
0.083875
0.040336
0.094452
0.069559
0.087669
0.092062
0.093016
0.084433
0.094406
0.086299
0.035442
0.087924
0.089979
0.095143
0.092500
0.094700
0.051251
0.004881
0.000430
0.007946
0.088811
0.086098
0.092778
0.082199
0.095573
0.095599
0.054322
0.084962
0.084653
0.084026
0.085329
9.647729
4.734496
0.045462
0.276327
0.044792
0.146835
0.006604
0.040162
0.015842
0.070550
0.086842
0.094480
0.050945
0.092308
0.086572
0.000879
0.069345
0.007448
0.011324
0.019833
0.028238
0.091618
0.094786
0.053140
0.076097
0.070183
0.051073
0.063769
0.080569
0.032637
0.070317
0.051031
0.091155
0.008776
0.083358
0.038581
0.066813
0.004476
0.069695
0.083861
0.081146
0.012825
0.027341
79.251463
26.501517
0.046779
0.000496
0.001792
0.075026
0.045205
0.052625
0.086238
0.086559
7.517147
0.001091
0.089539
0.073484
0.084684
0.095044
0.073805
0.049338
0.054665
0.089251
0.079357
0.034694
0.044048
0.082260
0.011277
0.019735
0.019735
0.093778
0.093778
0.079934
0.079934
0.012590
0.067960
0.067960
0.069084
0.069084
0.022218
0.022218
0.079187
0.079187
0.073525
0.079224
0.068660
0.079988
0.164178
0.032278
0.050891
0.050891
0.069904
0.069904
0.046206
0.080975
0.080975
0.093609
0.093609
0.088511
0.088511
2.465639
0.136503
0.086594
0.092807
0.089244
0.086494
0.015391
0.086031
0.003246
0.078731
0.057040
0.085650
0.083835
0.052048
0.057769
0.052089
0.062325
0.083543
0.051178
0.131963
0.006276
0.076281
0.047399
0.062207
0.079940
0.088270
7.047984
0.424006
0.008408
0.091997
0.001065
0.012353
0.077943
0.058823
0.074147
0.091397
0.083336
0.019515
0.021708
0.047159
0.088530
0.091681
0.052167
0.084357
0.052035
0.093101
1.540636
0.038798
0.092356
0.041416
1.271186
0.596027
0.046986
0.039670
0.086094
0.089888
0.092450
0.031468
0.078443
0.043171
0.232582
0.004458
0.002182
0.063818
6.294650
0.000327
0.019980
0.034663
0.042227
0.086964
0.093999
0.050581
0.014812
0.016563
0.030507
0.057417
0.082244
1.351978
0.041942
0.059449
0.054417
0.057244
0.061405
0.092692
0.093341
32.824099
20.468722
20.468722
0.072481
0.030502
0.010622
0.005267
0.093318
21.813249
17.171861
4.840306
2.669426
294.498857
214.451624
0.022971
171.869390
153.786614
0.159337
0.144758
0.199377
0.139418
0.114754
0.111740
0.056307
0.091190
0.060402
0.034731
0.035529
0.077307
0.048731
0.095067
0.004403
0.007235
0.035203
0.043167
0.085012
0.019923
0.086141
0.090505
0.093289
0.029751
0.032266
4.884865
0.077643
0.092107
0.075056
0.002183
0.071169
0.012286
0.092804
0.056270
0.035902
0.081651
0.078857
0.075505
0.082909
0.088613
0.042423
0.090647
0.062540
0.072711
0.089878
0.093857
0.076025
0.913128
0.071056
0.089923
0.076813
0.085301
0.076602
0.076602
0.745442
0.085274
0.702450
0.047346
0.095901
0.095325
0.095904
0.095801
0.092482
0.095975
0.092880
0.051532
0.085659
0.065040
0.071012
0.089399
0.055254
0.086395
0.067632
0.059372
0.069658
0.070365
0.095518
0.096226
0.085168
0.088638
0.092426
0.092833
0.096246
0.096100
0.092511
0.093661
0.093885
0.096153
0.095214
0.095246
0.006918
0.009864
0.062507
0.086766
0.089134
0.096314
0.093899
0.069643
0.048369
0.072169
0.083586
0.087832
0.094916
0.093905
0.068497
0.076482
0.081723
0.085565
0.090587
0.091198
0.070592
0.078939
0.081590
0.095115
0.039086
0.090771
0.064958
0.072711
