0.501688	0.498312
0.850716	0.149284
0.892762	0.107238
0.999250	0.000750
0.000237	0.999763
0.000237	0.999763
0.999489	0.000511
0.997298	0.002702
0.999489	0.000511
0.999489	0.000511
0.963121	0.036879
0.989538	0.010462
0.752797	0.247203
0.979474	0.020526
0.978463	0.021537
0.997374	0.002626
0.997365	0.002635
0.376764	0.623236
0.084069	0.915931
0.999844	0.000156
0.993983	0.006017
0.998959	0.001041
0.998709	0.001291
0.994887	0.005113
0.997649	0.002351
0.997791	0.002209
0.989354	0.010646
0.998374	0.001626
0.928411	0.071589
0.998671	0.001329
0.917017	0.082983
0.999737	0.000263
0.956754	0.043246
0.999262	0.000738
0.999402	0.000598
0.889812	0.110188
0.998408	0.001592
0.958880	0.041120
0.996720	0.003280
0.981563	0.018437
0.998603	0.001397
0.998714	0.001286
0.998853	0.001147
0.993650	0.006350
0.999798	0.000202
0.999425	0.000575
0.999093	0.000907
0.999428	0.000572
0.998207	0.001793
0.999192	0.000808
0.994085	0.005915
0.996171	0.003829
0.999522	0.000478
0.999585	0.000415
0.998378	0.001622
0.999779	0.000221
0.999700	0.000300
0.999792	0.000208
0.998646	0.001354
0.999263	0.000737
0.999006	0.000994
0.888189	0.111811
0.999276	0.000724
0.966872	0.033128
0.995847	0.004153
0.994814	0.005186
0.997471	0.002529
0.999212	0.000788
0.165032	0.834968
0.996143	0.003857
0.848025	0.151975
0.962933	0.037067
0.983473	0.016527
0.997251	0.002749
0.998481	0.001519
0.989977	0.010023
0.998418	0.001582
0.982762	0.017238
0.983404	0.016596
0.988396	0.011604
0.999499	0.000501
0.999222	0.000778
0.999463	0.000537
0.499589	0.500411
0.774649	0.225351
0.549541	0.450459
0.963663	0.036337
0.994866	0.005134
0.002385	0.997615
0.979255	0.020745
0.026588	0.973412
0.992501	0.007499
0.928299	0.071701
0.997421	0.002579
0.978968	0.021032
0.991791	0.008209
0.997045	0.002955
0.998606	0.001394
0.989237	0.010763
0.999005	0.000995
0.999191	0.000809
0.990826	0.009174
0.986472	0.013528
0.966580	0.033420
0.765368	0.234632
0.663833	0.336167
0.995896	0.004104
0.998625	0.001375
0.998766	0.001234
0.204068	0.795932
0.999884	0.000116
0.939380	0.060620
0.993364	0.006636
0.993107	0.006893
0.997390	0.002610
0.997694	0.002306
0.716654	0.283346
0.871759	0.128241
0.997931	0.002069
0.995087	0.004913
0.971475	0.028525
0.996829	0.003171
0.998949	0.001051
0.998853	0.001147
0.998311	0.001689
0.998603	0.001397
0.999400	0.000600
0.999216	0.000784
0.999463	0.000537
0.999225	0.000775
0.999489	0.000511
0.987430	0.012570
0.998264	0.001736
0.928474	0.071526
0.989843	0.010157
0.994948	0.005052
0.997252	0.002748
0.999191	0.000809
0.999237	0.000763
0.999286	0.000714
0.998551	0.001449
0.982318	0.017682
0.149134	0.850866
0.408130	0.591870
0.987525	0.012475
0.996309	0.003691
0.999431	0.000569
0.999159	0.000841
0.998335	0.001665
0.998924	0.001076
0.752260	0.247740
0.981235	0.018765
0.998514	0.001486
0.997673	0.002327
0.984104	0.015896
0.995234	0.004766
0.998141	0.001859
0.999204	0.000796
0.819700	0.180300
0.988398	0.011602
0.999047	0.000953
0.969053	0.030947
0.964189	0.035811
0.992507	0.007493
0.988587	0.011413
0.987973	0.012027
0.940919	0.059081
0.994589	0.005411
0.973340	0.026660
0.999335	0.000665
0.999703	0.000297
0.998018	0.001982
0.950479	0.049521
0.999324	0.000676
0.995012	0.004988
0.997628	0.002372
0.996701	0.003299
0.996018	0.003982
0.999252	0.000748
0.996779	0.003221
0.677475	0.322525
0.845808	0.154192
0.999987	0.000013
0.789865	0.210135
0.999592	0.000408
0.403593	0.596407
0.990904	0.009096
0.997058	0.002942
0.997479	0.002521
0.999351	0.000649
0.982325	0.017675
0.998902	0.001098
0.995382	0.004618
0.995956	0.004044
0.998981	0.001019
0.999476	0.000524
0.549231	0.450769
0.981633	0.018367
1.000000	0.000000
0.999767	0.000233
0.998296	0.001704
0.998433	0.001567
0.993893	0.006107
0.998999	0.001001
0.999722	0.000278
0.999152	0.000848
0.999244	0.000756
0.999531	0.000469
0.998426	0.001574
0.999962	0.000038
0.999552	0.000448
0.995167	0.004833
0.999632	0.000368
0.999715	0.000285
0.999715	0.000285
0.996490	0.003510
0.999381	0.000619
0.997125	0.002875
0.999341	0.000659
0.999268	0.000732
0.999421	0.000579
0.999650	0.000350
0.999830	0.000170
0.999873	0.000127
0.997995	0.002005
0.679912	0.320088
0.999515	0.000485
0.992136	0.007864
0.999373	0.000627
0.998031	0.001969
0.999442	0.000558
0.997325	0.002675
0.999230	0.000770
0.997938	0.002062
0.999883	0.000117
0.999658	0.000342
0.999645	0.000355
0.999459	0.000541
0.999206	0.000794
0.999343	0.000657
0.996160	0.003840
0.918455	0.081545
0.985032	0.014968
0.999951	0.000049
0.999952	0.000048
0.999933	0.000067
0.999216	0.000784
0.999174	0.000826
0.999325	0.000675
0.999439	0.000561
0.999989	0.000011
0.997460	0.002540
0.999571	0.000429
0.999985	0.000015
0.999941	0.000059
0.748217	0.251783
0.544047	0.455953
0.989892	0.010108
0.718880	0.281120
0.946242	0.053758
0.607126	0.392874
0.512192	0.487808
0.134625	0.865375
0.213841	0.786159
0.945741	0.054259
0.992401	0.007599
0.999302	0.000698
0.984223	0.015777
0.999295	0.000705
0.824465	0.175535
0.993465	0.006535
0.990742	0.009258
0.981635	0.018365
0.857890	0.142110
0.950015	0.049985
0.966785	0.033215
0.997335	0.002665
0.999442	0.000558
0.945500	0.054500
0.987922	0.012078
0.907135	0.092865
0.946060	0.053940
0.965607	0.034393
0.997656	0.002344
0.996459	0.003541
0.998698	0.001302
0.996021	0.003979
0.999357	0.000643
0.864089	0.135911
0.998987	0.001013
0.977979	0.022021
0.997841	0.002159
0.439280	0.560720
0.986493	0.013507
0.995083	0.004917
0.996287	0.003713
0.713660	0.286340
0.852174	0.147826
0.999307	0.000693
0.865937	0.134063
0.999988	0.000012
0.946077	0.053923
0.971245	0.028755
0.997693	0.002307
0.999347	0.000653
0.999475	0.000525
0.997507	0.002493
0.999853	0.000147
0.886530	0.113470
0.601805	0.398195
0.999488	0.000512
0.999830	0.000170
0.999788	0.000212
0.999509	0.000491
0.999243	0.000757
0.992131	0.007869
0.993227	0.006773
0.999638	0.000362
0.999952	0.000048
0.967971	0.032029
0.978289	0.021711
0.999950	0.000050
0.643623	0.356377
0.740535	0.259465
0.740535	0.259465
0.999459	0.000541
0.999459	0.000541
0.997828	0.002172
0.997828	0.002172
0.035345	0.964655
0.994417	0.005583
0.994417	0.005583
0.998758	0.001242
0.998758	0.001242
0.949894	0.050106
0.949894	0.050106
0.999969	0.000031
0.999969	0.000031
0.999999	0.000001
0.999991	0.000009
0.999965	0.000035
0.999764	0.000236
0.493718	0.506282
0.943973	0.056027
0.988869	0.011131
0.988869	0.011131
0.995032	0.004968
0.995032	0.004968
0.153181	0.846819
0.998601	0.001399
0.998601	0.001399
0.999543	0.000457
0.999543	0.000457
0.999866	0.000134
0.999866	0.000134
0.809045	0.190955
0.974820	0.025180
0.975169	0.024831
0.999291	0.000709
0.998614	0.001386
0.999747	0.000253
0.104358	0.895642
0.994916	0.005084
0.902194	0.097806
0.999747	0.000253
0.663645	0.336355
0.998112	0.001888
0.999469	0.000531
0.994832	0.005168
0.996490	0.003510
0.944457	0.055543
0.969248	0.030752
0.999933	0.000067
0.881691	0.118309
0.599139	0.400861
0.393362	0.606638
0.927188	0.072812
0.966953	0.033047
0.985170	0.014830
0.999573	0.000427
0.999938	0.000062
0.639646	0.360354
0.650347	0.349653
0.258787	0.741213
0.998358	0.001642
0.630648	0.369352
0.086522	0.913478
0.714289	0.285711
0.872594	0.127406
0.986914	0.013086
0.998598	0.001402
0.968916	0.031084
0.392844	0.607156
0.447347	0.552653
0.878882	0.121118
0.995480	0.004520
0.999567	0.000433
0.438534	0.561466
0.992360	0.007640
0.992650	0.007350
0.997511	0.002489
0.546769	0.453231
0.465071	0.534929
0.998048	0.001952
0.521920	0.478080
0.537074	0.462926
0.490891	0.509109
0.511969	0.488031
0.223832	0.776168
0.995098	0.004902
0.996710	0.003290
0.998892	0.001108
0.995842	0.004158
0.999182	0.000818
0.997663	0.002337
0.961158	0.038842
0.864441	0.135559
0.863045	0.136955
0.944502	0.055498
0.692191	0.307809
0.249010	0.750990
0.001731	0.998269
0.010684	0.989316
0.259038	0.740962
0.994770	0.005230
0.999788	0.000212
0.533351	0.466649
0.453483	0.546517
0.450148	0.549852
0.396295	0.603705
0.271685	0.728315
0.924696	0.075304
0.814569	0.185431
0.752085	0.247915
0.261224	0.738776
0.609236	0.390764
0.718491	0.281509
0.785122	0.214878
0.999681	0.000319
0.999766	0.000234
0.529317	0.470683
0.475089	0.524911
0.475089	0.524911
0.912637	0.087363
0.989310	0.010690
0.988061	0.011939
0.965772	0.034228
0.999949	0.000051
0.615154	0.384846
0.584247	0.415753
0.515495	0.484505
0.655700	0.344300
0.851900	0.148100
0.692235	0.307765
0.292567	0.707433
0.627994	0.372006
0.612198	0.387802
0.105961	0.894039
0.065865	0.934135
0.810992	0.189008
0.721145	0.278855
0.693254	0.306746
0.693615	0.306385
0.999017	0.000983
0.999893	0.000107
0.999901	0.000099
0.993576	0.006424
0.993643	0.006357
0.994155	0.005845
0.993625	0.006375
0.999491	0.000509
0.138486	0.861514
0.107430	0.892570
0.807944	0.192056
0.004215	0.995785
0.998382	0.001618
0.989747	0.010253
0.999964	0.000036
0.999799	0.000201
0.999600	0.000400
0.997538	0.002462
0.997805	0.002195
0.986860	0.013140
0.988738	0.011262
0.998027	0.001973
0.982795	0.017205
0.321885	0.678115
0.966360	0.033640
0.872052	0.127948
0.999962	0.000038
0.898683	0.101317
0.998923	0.001077
0.987177	0.012823
0.994627	0.005373
0.993369	0.006631
0.999999	0.000001
0.997700	0.002300
0.999090	0.000910
0.996985	0.003015
0.979238	0.020762
0.989056	0.010944
0.999030	0.000970
0.999916	0.000084
0.991538	0.008462
0.570085	0.429915
0.984960	0.015040
0.999397	0.000603
0.986284	0.013716
0.975320	0.024680
0.982400	0.017600
0.982400	0.017600
0.261024	0.738976
0.996678	0.003322
0.154963	0.845037
0.990824	0.009176
0.999303	0.000697
0.999483	0.000517
0.999428	0.000572
0.999554	0.000446
0.999683	0.000317
0.999723	0.000277
0.999444	0.000556
0.992412	0.007588
0.999871	0.000129
0.999772	0.000228
0.999725	0.000275
0.999366	0.000634
0.978188	0.021812
0.991592	0.008408
0.217373	0.782627
1.000000	0.000000
0.999891	0.000109
0.999945	0.000055
0.999301	0.000699
0.999478	0.000522
0.999899	0.000101
0.999563	0.000437
0.999709	0.000291
0.999750	0.000250
0.999492	0.000508
0.999458	0.000542
0.999313	0.000687
0.999442	0.000558
0.999494	0.000506
0.999452	0.000548
0.999384	0.000616
0.999390	0.000610
0.998361	0.001639
0.312953	0.687047
0.996557	0.003443
0.999705	0.000295
0.998675	0.001325
0.999504	0.000496
0.998338	0.001662
0.998694	0.001306
0.875836	0.124164
0.997972	0.002028
0.996647	0.003353
0.999958	0.000042
0.999286	0.000714
0.999087	0.000913
0.956508	0.043492
0.976598	0.023402
0.999127	0.000873
0.998790	0.001210
0.999113	0.000887
0.999267	0.000733
0.996201	0.003799
0.998440	0.001560
0.999085	0.000915
0.999487	0.000513
0.130713	0.869287
0.997496	0.002504
0.788871	0.211129
0.872506	0.127494
