0.011900
0.046894
0.051723
0.119973
0.025695
0.025695
0.101188
0.092894
0.101188
0.101188
0.077472
0.098005
0.026593
0.084255
0.062083
0.090324
0.110266
0.030217
0.026215
0.107590
0.094609
0.071136
0.100185
0.095186
0.084864
0.058705
0.089965
0.085449
0.012410
0.076607
0.039758
0.063436
0.086392
0.119087
0.120793
0.053787
0.117067
0.071812
0.098133
0.072601
0.116376
0.111577
0.117767
0.087243
0.117311
0.110242
0.119455
0.120536
0.112707
0.117785
0.075151
0.083175
0.121066
0.119716
0.094623
0.114649
0.116790
0.111815
0.104932
0.119715
0.106530
0.053303
0.119832
0.067722
0.097507
0.102447
0.110304
0.115664
0.044388
0.112462
0.064384
0.079857
0.093501
0.109778
0.115756
0.098052
0.110292
0.062577
0.064061
0.076806
0.109975
0.118630
0.119355
0.052597
1.315945
0.699338
0.089698
0.105725
0.096244
0.093256
0.012001
0.100477
0.059011
0.112692
0.071749
0.040257
0.102767
0.052106
0.059745
0.115079
0.112276
0.080111
0.034734
0.083251
0.018933
0.026854
0.028441
0.045504
0.092242
0.010627
0.063043
0.067590
0.094506
0.080249
0.099305
0.100074
0.072768
0.057048
0.114763
0.101650
0.084196
0.111157
0.116568
0.116408
0.077434
0.111818
0.117611
0.118176
0.121105
0.119292
0.121230
0.040368
0.115616
0.049014
0.094431
0.105703
0.088407
0.112916
0.120161
0.119743
0.113880
0.091119
0.123897
0.043149
0.099166
0.109449
0.120968
0.119726
0.114366
0.118411
0.042032
0.091481
0.116600
0.113395
0.093876
0.107013
0.114437
0.119248
0.091697
0.085147
0.112648
0.075350
0.076036
0.103032
0.090658
0.095731
0.059719
0.105532
0.070232
0.119799
0.107979
0.111815
0.061628
0.119237
0.101672
0.109422
0.110098
0.096899
0.116338
0.101516
0.108841
0.024029
0.110020
0.053407
0.117511
0.007804
0.058991
0.097796
0.077424
0.109678
0.081639
0.114760
0.106281
0.100356
0.098315
0.103842
0.004812
0.034608
0.084773
0.105161
0.098330
0.105539
0.105979
0.049459
0.115907
0.096830
0.118975
0.120565
0.094533
0.098363
0.117541
0.103122
0.112116
0.114479
0.114479
0.078916
0.118838
0.110753
0.112294
0.115279
0.119069
0.118163
0.109434
0.112971
0.104697
0.026428
0.118971
0.073237
0.106674
0.112263
0.116047
0.098191
0.118388
0.100939
0.031243
0.110736
0.114427
0.119271
0.114523
0.119313
0.053645
0.011328
0.031449
0.073321
0.113750
0.110800
0.116243
0.094150
0.119911
0.120440
0.075289
0.109637
0.112059
0.107289
0.106693
31.532812
23.659162
0.070653
0.919685
0.061024
1.397696
0.292274
0.058508
0.029632
0.077179
0.102767
0.117979
0.067557
0.117421
0.043212
0.072552
0.102397
0.098217
0.005598
0.070224
0.080420
0.114128
0.121121
0.040554
0.099346
0.058786
0.067196
0.079515
0.104854
0.053444
0.095120
0.073702
0.117304
0.019230
0.108068
0.053104
0.089177
0.034169
0.087936
0.104632
0.102941
0.043587
0.057023
238.728542
69.191642
0.024298
0.031383
0.038181
0.107924
0.025984
0.034735
0.104725
0.110184
6.899132
0.022511
0.120421
0.113640
0.118513
0.120529
0.115659
0.073453
0.076683
0.117257
0.101570
0.067948
0.078219
0.107739
0.041262
0.049625
0.049625
0.117611
0.117611
0.106393
0.106393
0.005624
0.089535
0.089535
0.088627
0.088627
0.049964
0.049964
0.110972
0.110972
0.102784
0.109183
0.097273
0.110866
0.461354
0.064153
0.083427
0.083427
0.094875
0.094875
0.047023
0.110391
0.110391
0.119207
0.119207
0.108860
0.108860
24.090197
0.955263
0.798366
0.111937
0.096915
0.099276
0.004382
0.085130
0.189433
0.083654
0.028491
0.084180
0.093618
0.042245
0.048607
0.031919
0.044324
0.099067
0.032925
7.123524
2.365666
0.058786
0.042662
0.068374
0.097761
0.099733
41.057762
3.775363
0.445866
0.116135
0.267076
0.145594
0.047757
0.052442
0.083306
0.112639
0.085949
0.020350
0.022660
0.055114
0.108877
0.113699
0.049133
0.103374
0.074163
0.114385
13.875631
0.042636
0.115117
0.043253
12.077259
7.734205
0.058175
0.055716
0.103759
0.110546
0.114222
0.036117
0.092519
0.054883
3.690936
0.336674
0.096845
0.055949
134.521712
0.382691
0.059758
0.081575
0.053047
0.099089
0.111739
0.051544
11.552583
10.747825
4.405088
1.003447
0.072602
30.578111
0.012068
0.047634
0.036197
0.039379
0.041883
0.108068
0.109057
10.140613
6.010337
6.010337
0.025941
0.036476
0.090919
0.058963
0.116493
103.576340
98.409856
43.698700
9.440401
66.833491
37.193605
0.041554
17.381699
13.443369
0.070920
0.064949
0.089356
0.046570
0.026083
0.021729
0.068949
0.104326
0.082871
0.025687
0.026188
0.086440
0.047197
0.120355
0.175915
0.152252
0.051243
0.068759
0.102694
0.055482
0.107033
0.107834
0.117096
0.079653
0.082791
4.567371
0.091484
0.110189
0.073510
0.291950
0.074308
0.056041
0.115727
0.066626
0.110990
0.089535
0.096228
0.081271
0.102806
0.097779
0.032769
0.113205
0.061596
0.077473
0.112849
0.115542
0.088468
0.208874
0.076975
0.115794
0.081523
0.081828
0.078609
0.078609
0.070503
0.105563
0.061549
0.038048
0.120280
0.119002
0.120378
0.120054
0.113754
0.119712
0.115437
0.044925
0.093149
0.074784
0.082921
0.111564
0.032043
0.085128
0.051451
0.057749
0.076815
0.078193
0.119500
0.121222
0.099055
0.108445
0.115608
0.116021
0.121296
0.121155
0.114098
0.116253
0.116766
0.120912
0.119233
0.119285
0.217028
0.010616
0.068134
0.106164
0.112133
0.121273
0.115914
0.071388
0.024994
0.063594
0.088308
0.099621
0.117630
0.117046
0.062459
0.078667
0.104364
0.113718
0.117983
0.117101
0.082209
0.097895
0.100736
0.119308
0.006102
0.105480
0.032576
0.044538
