17.221307
1.157917
1.214104
2.010572
1.349825
1.349825
1.853426
1.670287
1.853426
1.853426
1.330812
1.630089
1.331554
1.495792
1.184944
1.623234
1.836974
0.833433
0.981662
1.957316
1.714753
1.458980
1.667235
1.623663
1.491469
1.247511
1.502084
1.686202
27.580686
3.087117
10.305156
6.456094
1.448128
1.996274
2.031982
1.668645
1.944506
1.376501
1.647311
1.295444
1.947430
1.804758
1.990157
1.475463
2.010524
1.800722
2.000188
2.023623
1.850009
1.973389
1.282047
1.353038
2.029431
1.952616
1.521312
1.859906
1.899698
1.845156
1.609527
1.934569
1.664172
1.426720
2.009070
1.267705
1.800760
1.624448
1.708236
1.904513
1.827594
1.936224
1.517859
1.426333
1.630897
1.828382
1.953985
1.721442
1.883171
1.155646
1.173555
1.380963
1.799174
2.004292
2.012939
6.537695
41.399124
20.396082
1.764968
1.858062
4.864746
1.661038
1.744876
1.730774
1.265196
1.874111
1.595623
1.308882
1.765342
1.308931
1.189090
1.951139
1.822824
1.383085
18.919648
1.546410
16.454905
2.832922
1.032153
1.241871
1.551706
1.397033
1.344328
1.314538
1.520749
1.384751
1.619138
1.730713
4.041914
1.194962
1.956644
1.706096
1.476748
1.923494
1.956676
1.936197
1.720887
1.868572
1.948047
1.997965
2.036240
2.014481
2.036876
1.391650
1.900165
1.057067
1.622719
1.687660
1.630903
1.926532
2.021649
1.991269
1.890445
1.589581
16.667189
3.102015
1.415348
1.793493
2.030830
2.010455
1.886138
1.980599
6.198254
1.621932
1.920524
1.859324
1.564859
1.814590
1.899656
1.995404
64.005195
1.205850
1.867830
7.068857
1.302861
1.607222
1.479668
1.644047
1.136435
1.777947
1.189992
2.004673
1.865276
1.849556
1.167536
2.015233
1.738212
1.766210
1.804052
1.562616
1.961496
1.622725
58.063345
1.636762
1.761128
1.993225
1.949441
2.747680
1.157690
1.502873
1.237710
1.872054
1.208627
1.896810
1.613283
1.602306
1.653470
1.743626
16.284664
2.232608
1.489948
1.755609
1.485968
1.526510
1.688858
1.333689
1.783401
1.355093
1.984535
2.023357
1.448513
1.533695
1.881544
1.503349
1.757602
1.831473
1.831473
1.316223
1.965481
1.642074
1.764476
1.860063
1.959273
1.924411
1.716305
1.783277
1.633514
1.031658
1.977711
1.244345
1.763481
1.869041
1.953498
1.624801
1.972627
1.679193
0.974607
1.691099
1.773983
1.994471
1.920418
1.983443
1.053120
26.814335
19.658309
16.007879
1.799224
1.714534
1.897945
1.587889
2.006571
2.013996
1.073482
1.669276
1.564337
1.526884
1.618181
1212.143028
960.002527
1.265961
17.292017
1.038703
16.672810
6.024152
1.837934
0.667043
1.438040
1.807960
1.983077
1.152163
1.917206
283.207215
39.687802
1.472800
78.242172
35.900925
2.210096
2.017348
1.849820
1.999678
12.791068
13.110642
1.305702
1.111972
1.194661
1.559558
4.417140
1.269007
3.132887
1.841304
7.262625
1.588041
1.405219
1.336127
6.223098
1.209212
1.581271
1.475633
3.870498
2.378061
3472.965260
1296.034137
12.336921
5.652115
4.599544
1.541819
1.134969
1.224110
1.782846
1.806602
434.226683
18.304232
1.884254
1.605327
1.753653
2.011400
14.899847
1.305697
1.397095
1.859136
1.640625
0.966659
1.138640
1.671567
0.994966
1.041141
1.041141
1.969003
1.969003
1.708179
1.708179
7.521761
1.382332
1.382332
1.536945
1.536945
3.240101
3.240101
1.884061
1.884061
1.502937
1.625412
1.467241
1.717725
13.153620
1.060972
1.211197
1.211197
1.423426
1.423426
9.661011
1.642586
1.642586
1.963106
1.963106
1.846174
1.846174
163.304253
10.252259
8.501020
1.926016
1.806596
1.831670
1.126451
1.838249
2.459970
1.689551
1.226498
1.720092
1.737005
1.243918
1.352121
1.167888
1.279573
1.706026
1.231175
19.470762
4.868190
1.616658
1.812940
1.280002
1.546352
1.823157
690.322251
142.125878
42.671433
1.957445
8.849471
5.522580
1.711596
1.267425
1.524657
1.865825
1.695236
3.436606
3.292646
1.679263
1.799555
1.897959
3.401303
1.706912
1.329828
1.917423
178.283012
1.833459
1.953917
1.855911
162.258786
124.464926
1.515024
1.591161
1.780672
1.877902
1.939797
1.077180
1.631489
1.188733
25.076271
2.706491
1.233738
1.270884
312.799129
2.024923
0.726571
1.121950
1.206260
1.809559
1.968542
1.255093
12.223768
11.439324
5.365018
2.401500
1.733164
89.591361
1.337940
1.309141
1.120839
1.185092
1.293435
1.930354
1.948459
511.915862
366.261744
366.261744
5.800679
4.287612
3.414320
1.008977
1.965057
1021.280165
882.632090
342.046856
175.825218
3813.654962
2549.030468
1.378162
1858.677920
1655.562221
6.370357
5.235276
34.025535
30.421858
27.943684
27.721381
1.156943
1.895320
1.257882
0.850554
0.868820
1.649499
0.988927
2.008182
1.432920
1.024408
0.915181
1.216944
2.040207
2.295200
1.712178
1.831000
1.905266
1.602303
1.712389
209.543205
1.689302
1.901061
1.524186
21.514203
2.272577
1.030115
1.954966
1.588549
1.336772
1.561556
1.537676
1.511189
1.701561
1.826932
1.285501
1.892230
1.281453
1.453688
1.840261
1.964077
1.448814
39.372841
1.462519
1.883577
1.573139
1.778099
1.496798
1.496798
36.176918
1.699828
35.378153
2.731996
2.030106
2.002232
2.023615
2.021697
1.899647
2.028459
1.912513
2.615793
1.699404
1.482825
1.398119
1.766100
1.147823
1.769439
1.593731
1.339061
1.558087
1.573592
2.020991
2.039254
1.800691
1.812097
1.920551
1.931614
2.040023
2.034833
1.927457
1.958387
1.964113
2.037413
2.011450
2.013181
33.342387
6.737424
4.483854
1.789086
1.804747
2.040673
1.973046
1.405918
1.206842
1.370491
1.712858
1.724661
1.990682
1.938878
1.498714
1.726481
1.698343
1.757864
1.882200
1.907660
1.380850
1.530660
1.600033
1.989345
5.908021
1.861791
2.934143
2.036639
