0.041125
0.064340
0.069265
0.138744
0.044080
0.044080
0.119978
0.111544
0.119978
0.119978
0.094759
0.115619
0.042141
0.102830
0.078304
0.108484
0.128900
0.046378
0.043734
0.126358
0.112586
0.088732
0.116853
0.113765
0.101225
0.074101
0.108173
0.101415
0.026497
0.094647
0.055865
0.080531
0.104180
0.137859
0.139617
0.072491
0.135482
0.089780
0.116585
0.090487
0.135127
0.130024
0.136574
0.105596
0.136123
0.128843
0.138274
0.139357
0.131406
0.136548
0.091679
0.100553
0.139887
0.138489
0.112652
0.133064
0.135417
0.129759
0.123625
0.138534
0.125229
0.070897
0.138655
0.085533
0.116082
0.121013
0.128760
0.134349
0.058929
0.131251
0.080329
0.097907
0.111703
0.128475
0.134557
0.116451
0.128993
0.079852
0.081439
0.095009
0.128188
0.137437
0.138073
0.055076
1.316777
0.699353
0.105438
0.123448
0.101130
0.111176
0.026126
0.119239
0.070225
0.131417
0.089198
0.055425
0.120287
0.068491
0.076873
0.133833
0.130509
0.098173
0.047933
0.101851
0.032323
0.036364
0.045119
0.063165
0.110053
0.021775
0.076861
0.085385
0.112729
0.097481
0.117657
0.117766
0.078106
0.068053
0.133563
0.118628
0.099628
0.127205
0.134907
0.134928
0.095490
0.130530
0.136367
0.136966
0.139929
0.138116
0.140053
0.054840
0.133707
0.066427
0.112908
0.124500
0.106829
0.131122
0.138986
0.138542
0.132662
0.109692
0.137015
0.059176
0.117783
0.127880
0.139788
0.138552
0.132916
0.137123
0.059493
0.109987
0.135354
0.131524
0.111412
0.125030
0.133145
0.138060
0.099610
0.103451
0.131356
0.091294
0.094311
0.121672
0.109118
0.114268
0.077839
0.124232
0.088478
0.138614
0.126686
0.130497
0.077964
0.138038
0.119047
0.127678
0.128748
0.115405
0.135072
0.120114
0.115130
0.037653
0.127381
0.070375
0.136263
0.015855
0.076502
0.116323
0.095226
0.128323
0.095668
0.132819
0.124921
0.115228
0.116813
0.122192
0.017583
0.051391
0.103328
0.123733
0.116209
0.124119
0.124440
0.065366
0.134264
0.114247
0.137611
0.139363
0.112888
0.116753
0.136308
0.121679
0.130825
0.133228
0.133228
0.096649
0.137524
0.129086
0.130995
0.133956
0.137873
0.136972
0.128103
0.131689
0.123319
0.041743
0.137651
0.090710
0.124918
0.131062
0.134669
0.116461
0.137190
0.119234
0.043642
0.129267
0.133090
0.138045
0.133094
0.138092
0.066577
0.015304
0.035829
0.079693
0.132306
0.128365
0.134978
0.111050
0.138735
0.139249
0.093267
0.128261
0.130760
0.125870
0.125236
32.464145
23.894852
0.077242
1.018730
0.073027
1.397838
0.295393
0.077022
0.038561
0.095035
0.120802
0.136778
0.078267
0.136225
0.048583
0.080854
0.119971
0.115561
0.005615
0.070780
0.082002
0.132695
0.139940
0.055630
0.117842
0.074160
0.084767
0.097859
0.122898
0.071222
0.113598
0.091822
0.136098
0.036015
0.126717
0.071178
0.107256
0.050853
0.106544
0.123359
0.121649
0.060476
0.074827
240.061467
69.694295
0.033664
0.045062
0.052831
0.125646
0.043318
0.052151
0.123467
0.128692
7.160048
0.027727
0.138294
0.130161
0.137105
0.139152
0.134125
0.089065
0.092812
0.135525
0.118659
0.079175
0.090287
0.125510
0.050741
0.060730
0.060730
0.136360
0.136360
0.123167
0.123167
0.010445
0.107153
0.107153
0.102956
0.102956
0.061690
0.061690
0.128294
0.128294
0.120857
0.127472
0.114340
0.128188
0.463406
0.078118
0.098131
0.098131
0.112863
0.112863
0.047078
0.128868
0.128868
0.137955
0.137955
0.127410
0.127410
24.090619
0.958129
0.804685
0.130741
0.115587
0.117488
0.020790
0.103882
0.197857
0.102234
0.046482
0.102895
0.112179
0.059889
0.066405
0.049480
0.062218
0.117553
0.049955
7.133901
2.383774
0.076662
0.058922
0.085773
0.116068
0.118110
41.098651
3.775854
0.449531
0.134662
0.278546
0.160285
0.066275
0.067875
0.098906
0.131379
0.104678
0.037766
0.040168
0.073252
0.127625
0.132430
0.067429
0.120946
0.087267
0.133096
13.876520
0.059225
0.133836
0.059943
12.078721
7.739979
0.075215
0.072000
0.122248
0.129157
0.132925
0.049796
0.110263
0.069513
3.691902
0.345364
0.107709
0.072459
134.931793
0.385278
0.066762
0.092471
0.065931
0.117095
0.130526
0.065158
11.564872
10.761258
4.420332
1.020160
0.090070
30.729931
0.020293
0.063813
0.050178
0.053494
0.056340
0.126740
0.127785
29.609968
19.656299
19.656299
0.088673
0.074423
0.095641
0.059087
0.135188
104.133385
98.718165
43.700008
9.646717
220.023097
165.383845
0.051788
136.789772
125.442349
0.113866
0.107040
0.102256
0.055324
0.034579
0.030212
0.082682
0.122990
0.096743
0.036010
0.036675
0.104101
0.058586
0.138962
0.182301
0.159240
0.060878
0.083802
0.120524
0.070904
0.125169
0.126362
0.135710
0.096188
0.099399
5.409465
0.109188
0.128935
0.091386
0.302737
0.089642
0.058126
0.134337
0.083765
0.113772
0.107823
0.113465
0.099737
0.121351
0.116532
0.049806
0.131905
0.079139
0.095498
0.131444
0.134197
0.106894
0.383869
0.093867
0.133786
0.099224
0.100373
0.095591
0.095591
0.233040
0.124168
0.222957
0.054285
0.139091
0.137805
0.139192
0.138870
0.132383
0.138515
0.134090
0.061412
0.111554
0.091895
0.100478
0.129928
0.048900
0.103806
0.068403
0.073615
0.093733
0.095151
0.138313
0.140047
0.116786
0.126989
0.134287
0.134721
0.140103
0.139980
0.132789
0.134989
0.135512
0.139728
0.138014
0.138068
0.225803
0.023430
0.084248
0.124358
0.130393
0.140097
0.134685
0.089379
0.041091
0.081840
0.106768
0.118329
0.136430
0.135798
0.079102
0.095650
0.121813
0.131575
0.136292
0.135468
0.099523
0.115684
0.118679
0.138102
0.022594
0.124270
0.050151
0.062567
