1.330159
17.961700
1.090307
1.122757
1.876638
1.179003
1.896781
1.982532
6.306965
1.330159
41.697397
1.330159
0.977941
1.823239
1.340004
1.637009
1.230711
1.823239
1.384553
1.823239
1.698170
1.291210
1.393798
1.595734
1.582574
1.308882
1.275438
1.461007
1.918895
1.152385
1.275801
1.589036
1.771671
1.805926
1.572415
0.810140
1.344637
0.955963
1.344637
1.928481
1.386405
1.681951
2.031897
1.423052
1.343410
1.634110
1.841991
1.589116
1.803988
1.455628
1.208815
1.466390
1.653338
27.607800
3.043476
10.267245
6.412064
1.408966
1.968061
2.004276
1.635534
1.915206
1.339671
1.613611
1.255645
1.918373
1.773780
1.961740
1.438972
1.982503
1.769712
1.971982
1.995810
1.819633
1.944804
1.243270
1.315335
2.001719
1.923887
1.486972
1.829906
1.870188
1.815165
1.574749
1.905382
1.630795
1.383046
1.981021
1.226743
1.769083
1.591224
1.675210
1.875049
1.810324
1.906812
1.484388
1.388898
1.596474
1.797401
1.924899
1.688491
1.853098
1.118766
1.136675
1.344561
1.768790
1.976110
1.985006
6.543659
42.465843
21.027482
1.746732
1.827641
5.030736
1.627083
1.731413
1.698521
1.228037
1.843652
1.561447
1.292177
1.733552
1.290266
1.149957
1.922391
1.792321
1.346251
19.509328
1.510086
17.014166
2.846485
0.997305
1.206288
1.518134
1.366907
1.307824
1.276026
1.485290
1.347772
1.585514
1.698588
4.111395
1.156887
1.927590
1.674079
1.440169
1.893981
1.927826
1.907280
1.687930
1.838370
1.919125
1.969763
2.008606
1.986462
2.009263
1.356421
1.870783
1.021951
1.588675
1.656514
1.597383
1.897325
1.993750
1.963046
1.860850
1.555117
17.129106
3.088530
1.380144
1.762054
2.003115
1.982350
1.856185
1.952162
6.433984
1.587697
1.891028
1.828695
1.530205
1.783531
1.870036
1.967156
66.311282
1.175076
1.837659
7.332801
1.263110
1.572933
1.443579
1.610587
1.095970
1.746112
1.150520
1.976557
1.835033
1.819123
1.126137
1.987214
1.705662
1.734432
1.772548
1.528044
1.932713
1.589111
60.327232
1.648024
1.730756
2.016898
1.920855
2.777091
1.131758
1.478010
1.200708
1.842169
1.174322
1.867761
1.582764
1.568817
1.621233
1.711810
16.620890
2.255730
1.470647
1.724398
1.457610
1.496376
1.655736
1.318046
1.754566
1.322069
1.956296
1.995546
1.415712
1.501318
1.852486
1.468730
1.727874
1.802160
1.802160
1.285588
1.937395
1.609805
1.734325
1.830244
1.930999
1.895546
1.685931
1.753623
1.599867
0.997841
1.949264
1.206232
1.732168
1.838825
1.924683
1.591541
1.944143
1.646625
0.935888
1.658599
1.742464
1.966276
1.891048
1.955051
1.014609
28.006121
20.536576
16.704442
1.770137
1.683843
1.869018
1.554724
1.978606
1.986054
1.062582
1.637302
1.534069
1.501088
1.587775
1260.372328
998.235742
1.234557
18.126281
1.006393
17.487480
6.307855
1.845450
0.652934
1.405121
1.777098
1.954716
1.115674
1.888329
288.688766
40.380626
1.437784
79.932532
37.023976
2.272462
2.050213
1.819790
1.971684
13.287710
13.585162
1.286140
1.094809
1.167492
1.527412
4.566139
1.245845
3.214779
1.811482
7.575345
1.557762
1.422724
1.321850
6.488554
1.179214
1.549039
1.443686
4.030804
2.458509
3616.000170
1350.270212
12.960545
5.909206
4.795085
1.511726
1.118889
1.204111
1.752399
1.776777
452.673219
19.183548
1.857088
1.574587
1.722943
1.983467
15.518787
1.280889
1.370652
1.829533
1.608737
0.948324
1.112026
1.644289
1.001714
1.037529
1.037529
1.940474
1.940474
1.676746
1.676746
7.916000
1.349276
1.349276
1.505891
1.505891
3.361778
3.361778
1.869308
1.869308
1.470567
1.593764
1.435079
1.686826
13.837191
1.054532
1.190232
1.190232
1.391904
1.391904
10.192440
1.612120
1.612120
1.934658
1.934658
1.816522
1.816522
170.585177
10.781430
8.935689
1.896498
1.777174
1.801404
1.126127
1.808070
2.566734
1.658873
1.200832
1.688678
1.705792
1.218021
1.324226
1.150884
1.256261
1.675629
1.204556
20.413699
5.050211
1.584345
1.830533
1.254999
1.515441
1.792627
719.829615
148.496933
44.658936
1.928783
9.281422
5.763109
1.690399
1.242810
1.496562
1.836313
1.662552
3.562453
3.408581
1.688783
1.769933
1.868498
3.433835
1.674741
1.320817
1.888361
186.188417
1.831081
1.925101
1.852417
169.535045
130.078068
1.504149
1.586661
1.749465
1.847974
1.910751
1.058478
1.599367
1.163039
26.309587
2.856384
1.270542
1.243262
325.972073
2.121426
0.718158
1.113589
1.193634
1.779883
1.940196
1.235129
12.719129
11.893906
5.533679
2.418484
1.702357
93.391226
1.309259
1.284026
1.088612
1.152499
1.260508
1.901251
1.919574
534.848784
382.755119
382.755119
6.092633
4.491375
3.516550
1.003338
1.936669
1064.654947
920.830017
357.191072
183.708100
3975.489258
2658.196691
1.402061
1939.209029
1727.443342
6.742258
5.549855
35.621551
31.856692
29.276733
29.045487
1.123527
1.865754
1.224636
0.825210
0.843315
1.620036
0.955755
1.980233
1.484268
1.043162
0.889863
1.196159
2.028887
2.373609
1.684192
1.801744
1.876633
1.628953
1.737747
218.895631
1.663347
1.871584
1.489506
22.406119
2.276627
1.020905
1.926371
1.567829
1.312378
1.532946
1.521179
1.478554
1.670239
1.796775
1.287743
1.864526
1.254497
1.423567
1.810209
1.935589
1.420617
41.387080
1.430707
1.854133
1.541270
1.747581
1.466399
1.466399
38.014584
1.667892
37.170024
2.801432
2.002438
1.974276
1.995907
1.993912
1.870899
2.000768
1.883850
2.673876
1.673140
1.470540
1.372405
1.737408
1.111880
1.738868
1.563006
1.306143
1.526057
1.541711
1.993125
2.011677
1.770478
1.781806
1.891450
1.902642
2.012449
2.007198
1.898439
1.929778
1.935592
2.009791
1.983470
1.985228
34.823775
7.024607
4.608276
1.766099
1.774291
2.013108
1.944732
1.373790
1.190475
1.340851
1.682014
1.695056
1.962393
1.910038
1.468998
1.696271
1.672870
1.728250
1.853329
1.878924
1.354780
1.498890
1.568599
1.961086
6.114329
1.831050
2.983674
2.037714
